100
10
18 94 50 94
35 23 63 43
58 41 66 73
19 40 41 50
9 9 36 60
52 56 73 97
66 48 83 51
53 4 61 99
27 2 60 46
39 26 42 91
10
66 1 78 96
75 4 82 99
41 17 75 20
11 2 25 97
27 57 59 77
41 6 63 67
1 24 10 24
36 3 46 98
13 1 28 91
9 52 32 97
10
51 25 80 68
54 17 92 33
76 3 82 98
30 34 37 99
66 1 73 96
22 10 58 10
76 29 82 66
4 1 7 96
74 47 97 50
7 27 40 63
10
21 18 47 64
25 34 64 53
67 66 90 93
53 3 57 98
94 2 94 97
41 1 47 96
36 3 39 98
48 41 76 44
46 16 50 23
13 14 43 64
10
56 53 95 58
72 74 94 85
87 50 93 60
60 1 60 96
12 7 33 14
2 3 6 98
32 82 49 94
52 20 78 41
31 89 53 94
49 76 82 94
10
86 6 90 89
32 30 70 60
38 35 63 63
59 19 87 60
74 20 83 72
28 32 67 37
19 36 54 69
79 4 95 94
41 27 71 77
16 19 43 61
10
94 4 94 99
53 1 59 96
14 3 41 8
39 41 64 73
92 2 99 97
47 3 52 98
65 57 98 71
97 4 97 99
12 46 45 77
57 38 96 40
10
14 17 45 56
43 1 47 96
6 47 42 82
63 11 70 42
45 3 71 50
32 54 65 68
34 31 38 74
33 23 52 94
21 60 53 87
72 24 91 70
10
74 2 80 97
7 4 13 99
29 8 62 30
67 30 95 58
72 4 84 97
1 7 23 46
6 29 25 93
35 21 66 63
42 9 57 42
70 39 87 99
10
5 20 36 42
60 8 76 24
61 53 81 83
20 52 46 95
34 46 71 49
22 70 32 98
7 1 7 96
17 1 25 96
6 43 37 79
91 2 98 97
10
16 5 47 54
33 52 43 75
61 53 88 88
10 45 41 87
52 1 61 85
17 37 26 92
43 11 52 58
29 10 68 37
74 64 81 75
29 38 44 51
10
60 50 97 76
40 58 76 77
14 39 53 64
38 33 68 63
65 1 66 96
63 1 68 7
42 19 67 33
18 15 45 45
15 1 27 96
9 1 15 88
10
14 8 18 99
40 31 71 77
1 34 27 71
76 1 78 96
11 21 27 99
70 23 98 27
29 44 50 80
57 15 71 53
91 1 91 96
22 14 46 17
10
27 7 34 75
1 21 31 47
24 56 63 89
36 75 63 94
43 3 65 60
41 4 50 99
57 72 82 92
39 6 66 11
67 22 85 28
23 2 34 97
10
89 3 97 98
13 7 25 66
17 60 44 76
5 55 42 81
70 4 79 99
3 29 41 50
44 48 61 95
88 16 92 56
40 26 73 64
81 51 90 85
10
54 14 82 37
40 3 52 69
42 12 67 59
39 3 40 97
37 4 45 90
10 36 36 72
61 59 95 81
42 5 65 34
55 33 85 54
47 30 85 45
10
8 4 12 99
20 2 20 97
95 4 98 99
25 53 59 87
56 13 63 45
13 49 28 76
25 7 35 86
9 4 12 99
65 12 69 34
9 80 18 93
10
22 31 31 55
63 52 98 83
25 1 26 96
40 1 45 96
33 3 34 98
39 3 42 98
49 38 86 70
51 43 85 72
51 9 87 27
41 46 70 95
10
74 54 74 54
7 43 7 43
54 24 54 24
25 37 25 37
64 59 64 59
77 99 77 99
62 45 62 45
14 48 14 48
99 53 99 53
61 65 61 65
10
5 77 30 90
72 10 99 59
67 2 70 97
79 2 92 95
45 12 83 46
31 2 55 44
61 59 88 86
7 10 38 17
31 2 49 81
51 80 72 85
10
57 70 92 76
17 74 54 88
58 45 96 46
12 17 36 22
1 1 16 66
57 9 91 46
38 4 39 99
68 33 83 61
44 7 62 48
7 30 45 58
10
25 66 44 89
24 3 26 98
33 52 60 90
71 40 96 90
5 36 28 65
91 1 94 96
38 86 61 94
45 22 74 29
45 6 77 50
2 64 40 84
10
47 42 63 90
45 26 68 91
53 71 89 88
48 44 64 91
9 4 9 99
15 56 41 99
62 2 92 15
75 5 78 84
54 63 61 65
62 58 98 79
10
63 7 94 48
46 68 83 82
31 2 46 66
55 3 62 98
2 21 39 33
40 14 61 16
76 42 98 88
34 9 53 75
78 2 82 97
45 6 84 28
10
71 23 93 36
36 50 74 89
63 58 83 88
27 4 49 37
86 37 96 79
24 36 45 89
44 26 51 61
19 2 19 97
4 88 41 91
43 64 63 91
10
43 2 61 80
48 2 64 83
32 27 57 39
30 51 43 97
5 63 19 89
48 26 66 99
4 42 30 64
10 52 31 69
40 52 77 65
47 64 80 86
10
55 33 69 69
15 12 34 35
22 8 43 77
49 3 53 98
11 47 45 55
90 4 95 99
51 3 63 98
6 22 29 61
69 3 93 4
37 37 63 85
10
9 52 14 85
47 6 68 65
25 65 58 85
48 14 68 23
26 67 48 88
25 8 46 71
61 4 72 98
2 14 39 45
26 4 38 69
16 11 33 91
10
63 53 99 67
21 53 50 81
40 2 40 97
15 19 34 70
23 1 23 96
21 81 51 86
12 8 45 35
65 36 94 51
87 8 94 96
45 41 58 80
10
56 16 72 55
42 3 44 98
60 6 84 40
47 20 77 34
32 40 61 79
46 11 52 86
1 6 32 30
16 76 46 84
5 1 23 41
1 3 4 98
10
1 3 3 98
42 35 67 77
18 79 45 88
12 4 13 99
6 92 37 92
20 16 37 96
32 17 69 55
61 4 63 99
27 46 61 78
34 33 45 96
10
21 50 49 98
58 19 76 93
11 39 41 86
30 17 57 58
9 3 31 53
38 2 47 97
28 42 66 77
45 1 46 96
50 8 73 72
54 40 74 74
10
59 49 89 71
36 3 68 4
53 1 92 4
2 49 10 70
73 2 75 97
66 1 79 96
55 44 84 72
83 2 86 97
68 4 94 21
21 76 30 81
10
65 3 80 98
18 16 34 56
40 52 78 88
17 5 53 10
47 42 54 51
19 59 55 60
4 48 35 75
53 5 68 84
22 92 34 96
47 14 65 49
10
79 4 99 11
87 1 87 96
37 4 51 99
55 71 69 83
51 1 65 92
45 14 70 50
41 7 48 9
18 1 24 96
49 56 87 65
19 50 57 89
10
33 67 63 93
12 38 19 84
43 17 82 53
70 45 95 64
63 25 94 48
65 46 99 88
40 30 60 98
86 15 92 69
52 77 70 81
74 7 95 38
10
42 4 65 43
23 85 47 89
20 15 46 71
3 95 25 96
56 64 77 99
15 95 54 99
56 13 74 45
53 55 69 72
23 25 52 66
14 8 22 81
10
48 14 83 28
8 40 15 68
63 27 86 79
65 59 76 64
26 4 32 99
13 2 20 97
10 1 23 96
70 1 75 96
28 2 31 97
37 2 37 97
10
14 2 15 97
8 63 33 81
17 27 52 65
31 35 58 67
60 4 65 99
74 12 97 17
69 46 80 80
14 9 35 77
62 1 64 96
66 14 68 69
10
20 23 55 50
4 2 11 97
40 55 74 67
39 52 74 63
24 40 47 91
36 8 62 21
21 14 32 74
64 15 76 63
7 69 26 70
36 11 56 20
10
21 64 39 82
43 46 73 94
50 69 79 91
21 44 50 87
52 48 77 91
6 1 7 96
44 53 70 88
53 78 84 81
17 69 56 79
46 23 75 60
10
10 24 42 58
35 23 60 76
32 65 63 76
4 37 17 49
57 43 88 85
40 30 54 41
21 9 43 38
51 15 64 90
48 7 57 7
51 56 72 93
10
52 60 91 75
20 4 33 9
8 4 10 99
10 17 39 22
67 63 91 85
58 22 82 60
66 66 78 88
20 78 55 87
34 24 59 34
76 8 79 54
10
66 10 82 89
35 3 36 98
64 70 93 71
92 16 98 93
38 82 71 87
27 41 59 60
49 41 85 49
17 4 56 13
17 5 34 35
56 2 58 97
10
42 42 68 57
14 4 29 95
2 54 33 95
21 81 58 98
30 2 38 97
7 62 26 67
35 73 73 77
53 24 87 44
22 4 23 99
28 21 64 53
10
63 36 80 91
67 59 75 87
33 24 64 38
52 2 57 97
66 45 73 92
10 19 30 62
11 70 29 99
3 34 26 93
54 7 71 70
57 33 74 43
10
51 10 79 63
19 3 47 21
44 39 77 45
14 43 34 90
76 48 90 84
48 8 80 17
69 13 77 93
52 22 87 37
15 11 36 60
68 24 92 78
8
11 14 14 17
14 5 17 8
8 5 11 8
11 8 14 11
14 11 17 14
5 8 8 11
8 11 11 14
5 14 8 17
10
12 19 19 60
24 3 27 98
51 29 77 80
64 2 66 97
78 21 95 62
35 81 64 92
47 2 51 97
7 22 37 57
89 52 98 91
3 11 21 87
10
23 18 31 57
5 25 29 75
57 41 62 93
18 47 57 72
53 12 87 18
5 20 18 71
53 52 81 57
34 34 60 61
48 25 65 95
61 36 96 46
10
9 20 11 98
32 64 46 73
2 3 7 98
57 3 91 35
38 89 48 94
51 2 71 58
19 4 20 99
97 1 98 96
6 60 42 78
83 18 98 35
10
22 82 53 86
72 5 89 43
13 23 39 32
53 27 60 92
8 51 31 66
3 25 42 25
4 1 25 10
35 13 64 64
39 25 78 55
86 14 98 83
10
61 63 99 84
87 23 92 70
7 19 23 31
62 4 67 99
22 2 36 97
7 58 32 66
43 1 51 96
66 9 85 84
78 2 82 97
60 86 98 97
10
46 1 57 41
17 19 46 61
30 4 43 99
62 3 71 98
55 3 63 98
29 94 49 99
49 3 49 98
85 7 99 38
29 1 33 96
42 88 79 96
10
4 25 42 55
9 3 14 98
44 2 51 97
58 1 66 96
47 11 80 47
42 2 62 27
6 12 31 44
30 42 56 98
73 50 95 74
22 27 29 86
10
74 1 94 27
25 8 60 39
40 21 78 50
59 35 84 36
30 36 62 67
63 5 81 68
28 4 58 15
6 59 25 82
65 48 82 50
33 52 40 84
10
59 16 85 68
57 24 72 82
34 83 59 89
55 75 79 88
43 47 73 57
56 31 80 84
45 33 81 75
57 3 71 95
3 2 8 97
27 47 56 54
10
70 55 80 80
1 32 12 78
23 13 46 59
58 4 83 54
14 34 53 56
50 78 65 94
82 13 92 43
7 40 22 63
58 24 76 95
30 18 37 96
10
5 33 40 61
47 10 68 27
66 62 96 72
50 40 67 79
84 38 95 70
65 35 77 63
91 1 97 96
46 27 80 57
55 5 77 70
48 3 54 98
10
61 22 90 61
25 4 31 99
43 36 77 60
42 2 64 48
33 39 54 93
81 4 93 88
42 62 79 92
16 23 36 60
60 4 71 99
11 3 20 98
1
1 100 100 100
10
53 23 79 43
15 24 36 87
93 10 99 97
20 45 38 82
25 15 30 99
38 71 73 71
89 1 94 96
79 30 99 73
27 17 47 54
24 53 39 90
10
13 61 33 74
22 8 29 64
10 53 45 59
39 2 43 97
40 52 75 70
81 2 81 97
8 2 13 97
25 37 43 94
72 25 83 97
31 38 64 51
10
23 48 45 79
69 1 69 96
22 1 27 96
43 32 82 69
79 4 91 99
9 21 39 52
17 2 31 97
3 91 36 92
67 23 84 32
11 23 20 84
10
74 5 88 54
15 66 35 83
20 76 48 93
41 8 71 49
16 15 41 47
24 31 45 56
19 17 43 36
17 52 49 95
50 21 58 96
31 3 37 98
10
60 37 81 84
15 6 31 44
43 29 60 93
88 1 93 96
53 61 66 94
66 2 70 97
75 43 95 89
5 34 38 53
57 3 60 98
52 2 56 97
10
13 1 44 44
69 11 92 54
20 48 55 49
33 75 72 87
49 69 82 76
63 46 92 84
26 3 34 98
40 33 64 36
54 32 83 71
84 1 91 96
10
41 30 73 46
41 53 69 81
27 4 32 99
1 28 9 51
73 4 74 99
75 2 76 97
10 5 42 18
33 10 41 87
48 43 72 91
30 26 66 32
10
5 7 5 12
5 27 10 27
20 7 20 12
5 7 10 7
25 7 25 12
5 17 10 17
5 22 10 22
15 7 15 12
10 7 10 12
5 12 10 12
10
62 40 81 57
47 21 86 45
28 2 32 97
49 4 84 14
61 75 87 84
25 25 62 34
69 66 84 99
24 16 53 57
7 31 29 67
31 2 38 97
10
57 1 57 96
70 1 70 96
35 27 49 55
83 8 85 72
64 32 89 85
42 10 65 25
14 62 45 67
79 34 82 89
67 4 71 99
21 79 46 96
10
16 13 40 16
39 6 55 97
15 7 36 10
21 47 30 81
48 13 82 54
76 88 78 91
31 44 49 89
42 71 71 94
56 15 77 50
30 36 61 46
10
58 17 58 33
100 77 100 93
96 71 100 71
92 60 92 76
92 65 100 65
99 84 100 84
100 58 100 74
100 71 100 87
79 70 95 70
44 32 60 32
10
35 1 40 96
9 1 36 9
7 48 25 71
45 51 78 80
67 5 69 90
18 1 48 50
19 9 50 15
10 43 17 96
9 60 45 97
56 22 62 67
10
94 2 99 97
61 11 79 91
81 4 90 99
18 13 20 24
21 34 59 49
54 14 68 68
2 57 15 68
6 37 33 88
67 13 84 23
17 46 48 61
10
36 58 71 92
70 7 98 32
17 6 22 8
61 10 97 30
86 1 90 96
50 40 63 81
42 40 73 70
27 37 56 48
39 71 59 82
59 15 83 33
3
2 3 2 4
2 2 4 2
5 1 5 1
10
83 36 93 58
2 26 32 52
57 79 84 96
18 8 40 35
59 40 89 65
38 15 43 35
53 1 53 96
5 4 12 99
21 9 49 54
20 76 52 88
10
52 12 61 43
44 12 77 52
5 62 27 96
74 43 97 77
48 60 60 93
14 1 15 96
11 38 31 42
76 26 92 72
26 70 37 76
49 7 80 7
10
25 2 34 92
26 1 37 96
56 23 85 43
11 19 24 58
28 47 61 88
40 8 58 78
26 22 44 82
27 28 62 28
41 2 42 97
58 45 90 57
10
65 4 66 99
54 29 79 63
61 2 72 55
56 48 81 64
56 92 79 97
21 94 41 96
70 61 92 72
16 58 49 66
37 34 49 69
10 48 43 79
10
89 28 99 76
4 4 26 67
27 3 38 98
14 6 26 76
43 2 54 97
27 57 62 73
85 1 94 76
54 47 74 57
70 4 82 98
63 12 70 96
10
4 4 17 87
52 31 60 83
76 24 90 76
7 51 25 99
58 27 83 66
70 30 98 35
64 14 97 37
20 45 58 84
86 22 95 98
57 51 64 94
10
44 1 53 96
6 52 35 69
67 15 96 44
65 35 80 42
12 28 43 75
40 36 60 88
57 51 78 85
18 91 24 97
21 4 33 99
34 5 55 14
10
10 41 39 82
70 1 73 96
29 55 60 72
72 4 77 99
30 15 42 65
59 15 70 51
57 43 92 70
60 16 72 72
50 56 78 65
11 54 46 92
10
18 1 37 69
43 53 80 56
27 22 40 81
54 7 72 71
47 52 58 90
65 73 97 93
90 2 95 97
76 24 90 90
9 65 19 85
40 6 53 96
10
31 13 40 73
73 7 77 98
5 3 13 98
4 35 31 49
36 68 63 98
27 23 64 60
8 76 47 83
41 30 72 62
75 52 90 67
27 45 63 78
10
32 4 32 99
68 8 75 86
58 42 78 80
6 5 11 71
52 3 52 98
87 2 95 97
28 5 33 92
25 28 50 73
26 38 32 95
19 51 30 87
10
58 66 90 81
38 60 71 85
64 3 76 97
44 9 64 12
33 6 45 93
15 1 23 96
45 50 75 98
21 4 29 99
30 17 51 68
27 4 38 22
10
51 2 60 87
7 33 30 40
41 3 57 5
72 2 98 18
25 59 53 74
70 3 77 98
2 1 16 46
4 16 29 62
79 4 84 99
29 2 56 6
10
83 38 98 46
7 33 39 72
29 44 38 98
8 2 46 25
64 32 81 35
26 8 35 78
19 2 22 97
32 19 49 89
29 36 60 79
38 22 61 72
10
50 86 75 90
30 15 56 73
50 2 57 97
86 5 97 92
41 48 61 89
10 60 44 91
54 22 61 50
4 4 5 93
66 5 89 25
11 4 16 99
10
22 15 31 66
1 45 20 92
51 2 72 62
65 53 90 80
71 54 89 97
41 23 77 55
35 58 63 96
48 1 54 96
3 3 4 98
42 91 74 96
10
10 20 27 66
48 89 77 90
61 1 74 62
31 53 65 92
32 25 59 70
46 2 46 97
27 55 55 70
92 1 99 96
59 23 92 59
24 5 57 48
10
4 51 25 58
6 44 37 69
21 4 27 99
1 1 2 96
46 47 69 90
47 45 75 83
41 58 64 59
38 7 77 42
8 8 24 77
48 39 73 67
10
31 2 43 97
26 85 40 96
12 59 48 79
35 56 72 70
1 2 24 59
85 4 91 99
5 27 18 61
6 3 15 98
72 41 94 92
1 35 13 42
10
52 8 67 99
64 45 91 54
9 59 24 98
28 83 59 98
7 4 17 99
20 19 57 41
87 4 87 99
9 56 48 67
62 1 64 96
70 19 90 79
10
51 2 55 97
36 1 41 96
20 3 28 98
48 1 57 96
61 5 74 78
7 45 26 75
56 4 70 98
38 10 52 78
70 16 96 58
54 2 61 97
10
87 2 99 97
73 44 94 93
23 1 23 96
95 2 98 97
12 45 34 60
6 77 39 88
3 8 32 51
32 13 56 65
6 43 26 49
3 72 21 95
10
53 3 77 65
35 54 61 69
30 39 31 91
12 1 22 93
37 47 68 94
37 52 53 84
52 14 65 81
36 32 66 47
68 50 80 63
82 3 88 98
