100
10
5 57 33 91
34 27 60 52
37 13 53 84
95 3 95 98
35 24 54 41
7 33 39 79
51 34 68 88
37 58 64 93
62 19 81 31
24 28 29 55
10
58 28 70 54
25 16 64 24
6 32 19 78
38 34 71 65
17 73 40 80
72 7 92 16
56 4 57 99
68 30 98 60
48 79 82 85
5 2 8 97
10
6 60 44 77
39 62 49 94
6 15 27 85
37 51 54 74
54 3 61 98
14 32 51 71
71 59 91 83
65 1 74 96
18 31 39 99
2 54 20 92
10
81 3 92 98
61 4 62 99
57 25 77 95
67 25 80 96
66 44 82 67
12 65 50 81
56 61 87 63
12 2 17 97
34 36 52 96
65 72 95 94
10
64 7 93 39
55 14 73 61
10 32 31 51
79 7 93 78
24 26 47 90
11 28 25 40
52 2 63 97
47 35 76 75
80 33 97 33
52 33 87 56
10
2 41 20 72
37 2 43 97
65 12 73 93
48 4 50 99
32 22 68 22
63 15 91 47
13 48 44 65
64 74 69 93
47 74 79 76
19 4 25 99
10
34 13 42 13
33 4 42 99
49 12 67 64
47 2 69 68
19 44 36 75
65 7 91 40
20 1 23 96
20 71 51 83
53 6 78 55
18 1 18 96
10
88 14 93 92
61 56 94 76
55 80 71 92
79 5 89 77
63 37 93 43
24 1 52 52
28 1 28 96
30 54 59 77
15 57 54 64
9 44 18 74
10
90 3 91 98
68 30 99 69
31 15 61 24
5 14 34 36
69 51 92 66
12 13 27 88
3 78 31 81
24 53 60 75
26 53 53 90
67 9 80 48
10
62 3 69 98
77 4 90 95
2 41 26 68
74 3 86 77
30 5 54 56
48 2 53 97
65 38 82 42
52 23 64 56
47 2 64 72
28 60 65 70
10
22 73 59 87
53 2 61 97
75 1 84 91
6 72 24 92
36 27 55 36
2 69 30 88
8 4 15 99
9 54 46 84
20 9 30 75
7 41 29 75
10
53 2 53 97
33 39 71 39
39 22 64 78
62 23 74 88
59 58 83 66
67 35 89 88
19 23 38 52
44 45 81 86
35 81 56 90
92 4 92 99
10
80 11 93 85
41 3 47 98
95 2 95 97
50 1 58 96
61 2 76 97
17 13 55 28
8 26 38 49
54 81 84 98
12 43 51 82
6 54 38 75
10
56 9 65 74
37 2 42 97
10 3 38 11
8 84 30 91
66 87 85 92
52 6 77 6
68 26 82 39
5 79 20 88
31 36 50 73
39 40 55 84
10
20 16 41 23
45 8 54 98
23 3 31 98
86 47 96 88
12 28 42 60
81 9 99 80
35 2 40 97
20 65 54 96
20 2 22 84
63 2 67 97
10
3 36 40 47
55 12 68 86
12 4 23 99
67 36 94 82
47 74 85 90
73 2 82 97
39 2 47 97
4 21 17 91
29 56 59 89
68 50 83 81
10
45 7 67 29
10 9 43 36
50 69 84 79
54 68 87 83
65 10 82 52
63 2 69 97
9 28 39 69
25 38 49 73
26 58 47 95
37 44 55 56
10
69 47 84 78
13 3 25 98
31 76 68 86
75 81 86 84
9 1 20 96
50 9 73 54
78 3 88 98
2 34 30 61
35 30 54 60
31 49 68 76
10
9 29 47 30
45 24 55 28
66 3 76 98
54 1 56 96
10 42 35 59
9 42 25 84
33 9 47 89
2 36 17 87
4 50 21 77
66 37 99 71
3
2 2 4 2
2 3 2 4
5 1 5 1
10
31 30 48 40
34 1 44 96
63 29 71 90
20 60 54 97
17 45 34 56
25 45 64 66
13 7 51 14
68 3 69 98
32 3 38 98
82 59 98 94
10
41 33 75 59
35 1 39 96
13 4 21 99
12 9 20 31
28 1 67 27
72 26 82 98
1 7 22 78
27 44 44 95
18 27 32 99
54 32 91 68
10
67 37 94 77
25 8 34 87
64 10 75 97
69 22 87 40
16 78 49 80
55 1 92 15
23 62 46 78
70 4 71 99
42 1 47 96
46 76 84 77
10
9 13 19 95
41 1 54 96
6 36 26 86
30 58 68 63
50 32 75 89
85 3 92 98
6 44 36 67
25 2 36 97
9 3 9 98
2 28 15 96
10
13 53 44 98
2 41 29 88
66 45 88 51
67 35 99 48
71 3 79 98
25 14 43 85
69 33 93 86
55 1 78 38
76 1 85 21
54 28 74 79
10
78 1 88 96
12 12 26 93
2 28 34 58
47 1 55 96
2 3 12 98
4 32 20 73
73 2 83 97
73 79 98 96
86 1 88 96
19 52 43 83
10
29 5 53 58
2 43 40 83
34 37 72 49
73 11 91 65
18 13 41 23
65 4 72 99
1 75 26 82
46 52 67 73
27 85 65 87
67 14 92 67
10
28 5 51 66
51 14 55 98
49 28 79 60
16 38 45 76
17 12 55 48
80 2 89 97
77 42 92 70
26 35 52 86
14 3 20 98
91 2 93 97
10
57 57 73 62
69 91 84 94
19 2 19 97
15 1 25 96
74 2 76 90
4 63 31 97
87 2 87 97
59 21 78 98
61 70 92 95
54 3 71 81
10
34 6 66 37
59 19 92 39
42 4 77 43
58 40 92 76
52 64 90 72
57 6 73 88
70 98 81 99
4 3 5 98
72 1 72 96
3 46 39 79
10
61 3 82 9
84 3 87 98
72 11 87 69
30 72 66 94
40 10 52 57
38 65 73 93
36 27 53 43
67 24 73 94
6 27 16 44
60 4 72 99
10
26 3 31 98
52 59 85 73
80 66 86 81
59 2 60 97
45 29 51 89
45 45 66 69
47 78 65 96
65 23 90 52
24 3 34 98
62 35 94 46
10
77 29 93 89
42 28 67 42
8 2 11 97
55 49 94 52
60 87 86 88
47 14 76 37
9 5 37 18
54 58 85 75
5 57 42 75
36 53 73 57
10
61 2 72 97
54 48 78 94
62 2 68 97
70 36 84 52
15 8 46 47
18 40 56 69
13 48 40 60
31 2 56 16
61 38 75 97
23 2 35 97
10
47 23 82 64
16 1 50 35
57 68 95 70
40 95 48 96
44 32 55 97
73 53 82 80
22 42 47 84
11 69 33 88
80 2 85 97
55 27 77 64
10
4 13 15 69
22 1 31 96
14 3 42 51
25 60 64 86
21 7 53 27
6 39 36 65
54 34 92 35
44 3 53 98
70 7 86 64
23 2 23 97
10
63 83 96 94
29 4 31 99
45 86 84 88
34 48 47 54
21 56 43 68
30 63 64 83
62 49 76 87
77 55 97 97
81 7 99 30
59 89 88 89
10
58 38 89 60
32 2 41 97
12 35 49 36
56 83 70 99
80 8 95 89
22 10 45 31
26 4 38 99
54 29 79 82
6 4 24 55
71 5 91 8
10
58 4 65 99
36 2 37 97
18 42 50 84
2 1 2 96
62 5 81 56
47 45 74 81
46 7 79 40
77 3 81 98
31 4 33 99
42 5 63 74
10
6 38 20 87
35 36 71 72
7 1 11 96
55 2 56 97
7 11 26 47
18 41 47 67
12 1 20 96
29 57 68 86
65 1 71 96
10 66 42 66
10
6 25 43 40
31 21 42 75
40 87 68 88
6 5 28 11
43 7 63 39
78 33 99 52
68 18 91 59
12 55 20 87
40 65 62 96
15 35 39 49
10
70 32 75 84
63 34 82 58
64 21 84 53
40 13 74 18
61 47 99 65
28 62 59 99
43 70 65 90
28 4 49 51
23 3 24 98
8 2 8 97
10
63 2 84 31
11 68 42 83
38 47 52 66
39 68 76 88
60 70 90 72
45 41 81 59
57 4 59 99
38 24 60 55
34 29 48 79
29 32 61 47
10
54 19 82 58
50 4 56 99
26 20 39 93
19 15 38 37
29 34 51 53
58 16 85 64
52 75 80 95
36 30 52 48
77 61 97 88
6 34 34 40
10
54 72 81 97
54 44 70 95
38 13 77 20
30 4 37 99
56 25 94 57
61 44 99 46
35 76 67 87
72 6 99 43
24 46 39 66
68 16 88 76
10
10 37 37 91
75 12 88 82
40 4 43 99
18 39 37 63
34 26 40 86
84 4 85 99
24 79 37 90
28 2 29 97
63 1 95 39
53 50 76 92
10
3 4 10 99
47 28 84 32
45 90 79 98
2 5 12 99
73 5 77 57
60 40 69 93
49 34 80 37
36 60 72 73
32 86 65 88
30 17 49 91
10
29 24 41 65
49 84 63 84
50 67 75 69
66 22 85 71
25 2 33 97
76 51 99 72
2 68 33 84
49 14 62 44
80 51 92 98
45 3 57 98
10
77 33 99 79
14 38 35 73
50 62 85 85
90 1 99 96
10 2 21 41
5 46 35 49
31 35 53 73
71 16 95 26
19 46 55 50
49 40 70 44
10
53 58 86 75
30 8 55 21
23 1 50 33
49 61 70 63
70 69 76 83
35 68 61 77
26 70 40 89
73 22 95 56
10 1 15 95
58 10 89 57
10
6 65 44 76
46 24 81 40
30 18 57 64
24 1 28 96
59 26 97 31
54 40 78 96
50 8 79 42
66 46 88 82
59 38 73 48
20 8 35 10
10
27 20 66 50
45 4 45 99
41 16 55 98
44 5 58 74
78 8 96 21
5 54 34 81
9 2 46 2
58 20 72 78
25 3 60 14
6 40 38 53
8
11 12 14 15
8 9 11 12
14 9 17 12
8 3 11 6
5 12 8 15
5 6 8 9
11 6 14 9
14 3 17 6
10
82 1 85 96
70 10 84 74
3 16 36 36
38 4 43 99
22 85 49 97
34 11 39 51
46 39 84 56
12 14 33 64
24 16 42 37
1 2 12 97
10
32 28 35 48
49 71 73 73
69 49 93 65
52 83 87 96
46 62 60 82
21 2 28 97
39 51 75 66
36 44 71 71
36 54 59 79
10 87 43 95
10
67 3 77 98
72 4 73 99
34 41 63 85
83 52 93 59
13 9 26 99
31 29 69 49
11 48 43 79
68 34 69 57
48 65 84 79
73 4 79 99
10
20 36 56 55
34 7 65 11
19 27 47 60
87 16 95 40
86 2 86 97
24 30 55 76
49 68 78 97
72 71 78 98
50 35 57 89
1 72 31 93
10
55 73 65 81
21 1 24 96
29 12 54 53
19 84 58 93
24 36 28 57
34 9 50 87
53 79 83 79
51 38 86 39
51 5 61 47
35 5 59 10
10
14 62 53 80
16 31 42 61
10 1 13 96
27 49 62 91
50 22 57 86
64 9 94 45
39 33 75 45
30 30 67 42
52 11 89 49
7 19 45 45
10
2 25 33 26
29 10 43 40
23 36 35 85
1 49 19 80
63 19 78 87
38 29 72 37
7 67 46 99
75 44 86 46
29 19 44 32
12 1 20 96
10
60 35 67 91
9 5 11 90
21 44 52 54
43 13 64 29
4 42 25 64
4 10 38 21
91 1 91 96
51 70 86 83
26 12 39 77
69 3 74 98
10
29 56 66 72
37 52 74 71
21 59 49 77
38 4 47 77
15 64 42 76
80 25 95 93
43 3 50 98
77 36 88 80
20 5 45 63
70 38 88 85
10
44 66 82 94
35 28 61 35
30 42 56 52
24 36 62 54
66 8 78 95
30 1 60 39
51 16 87 44
53 61 74 86
39 39 56 93
26 1 28 96
1
1 100 100 100
10
72 2 82 97
18 1 30 92
90 1 93 96
32 8 43 81
27 3 33 98
33 6 70 40
68 2 72 97
82 3 87 98
29 27 58 70
12 17 16 28
10
82 6 89 59
11 6 41 15
54 33 85 75
65 20 78 69
4 15 18 80
24 11 59 38
49 2 51 97
54 17 79 40
3 43 23 76
73 59 94 72
10
30 29 53 31
4 4 36 13
45 26 68 57
12 11 19 87
32 16 56 70
31 2 56 14
35 20 67 31
72 47 86 99
44 61 62 98
84 4 84 99
10
34 5 44 54
50 3 63 94
37 43 52 78
58 8 97 26
82 26 98 72
67 44 82 46
59 4 61 99
93 24 99 98
14 1 24 94
28 42 67 71
10
41 23 68 77
46 85 57 97
53 1 57 96
54 6 80 58
6 38 25 85
18 38 44 48
78 1 78 96
37 37 52 84
9 33 40 53
56 2 57 97
10
86 39 99 78
61 46 83 75
2 14 5 51
71 5 86 88
38 4 52 85
18 25 49 33
48 77 87 90
22 11 36 56
15 3 20 98
55 19 72 27
10
29 5 37 86
13 4 14 99
75 15 90 68
39 12 50 14
63 3 67 98
61 9 83 37
38 40 48 76
57 10 70 66
78 4 78 99
31 4 54 48
10
62 36 99 66
70 5 99 35
19 10 45 62
39 96 55 96
22 2 22 97
6 17 42 17
53 19 87 54
46 19 61 89
2 4 13 99
40 6 77 31
10
53 3 53 98
21 14 23 31
25 39 51 44
62 15 79 45
53 29 78 33
78 4 86 45
6 36 25 84
57 12 73 93
10 82 39 85
43 38 60 93
10
72 30 90 68
39 10 40 99
4 97 43 99
60 12 80 57
57 12 64 37
88 2 96 50
64 43 86 89
53 58 85 79
22 15 55 58
44 18 78 33
10
30 38 68 54
79 15 94 33
43 64 61 92
41 35 66 79
40 20 47 84
49 32 83 38
17 3 21 98
74 14 93 66
85 31 99 56
7 32 21 60
10
50 45 80 84
38 21 68 46
45 3 45 98
4 3 5 98
8 24 35 59
60 39 76 47
8 2 20 95
18 82 37 97
38 2 43 97
40 72 73 89
10
27 43 43 66
23 45 57 84
77 1 82 79
59 57 85 81
53 47 78 98
73 4 79 99
51 3 56 98
51 4 51 99
6 73 41 94
66 9 89 50
10
49 59 49 59
34 89 34 89
20 55 20 55
77 40 77 40
3 42 3 42
19 57 19 57
13 14 13 14
64 57 64 57
90 76 90 76
88 98 88 98
10
57 2 61 97
59 21 97 36
5 2 11 97
64 2 85 31
1 50 6 74
53 22 65 53
41 70 60 90
32 20 46 75
60 33 77 47
39 1 46 95
10
35 70 67 92
85 4 86 99
61 34 72 96
26 20 54 55
33 67 68 87
92 1 92 96
36 60 63 83
68 16 85 96
32 44 61 78
62 10 77 37
10
48 21 73 56
59 25 95 53
20 43 51 75
48 20 63 68
62 45 97 55
8 66 33 96
59 8 67 88
38 1 45 96
22 3 36 58
47 4 78 44
10
16 17 32 84
38 24 72 36
29 4 30 99
34 31 40 92
66 46 96 59
61 8 67 15
97 2 97 97
24 85 41 94
42 3 48 98
6 25 21 83
10
26 21 46 94
10 33 22 67
45 26 79 47
84 4 90 99
21 4 21 99
56 60 61 97
30 25 56 74
2 64 17 85
59 9 97 13
37 52 73 73
10
76 14 85 91
15 55 35 73
62 6 96 48
39 19 63 19
86 52 95 86
73 38 91 96
57 68 93 89
45 39 67 89
8 28 30 59
25 63 41 74
10
52 54 91 79
11 36 34 59
70 12 97 18
23 63 37 98
34 35 56 87
21 3 48 56
15 21 27 83
60 28 95 48
8 15 32 77
90 42 94 67
10
4 1 22 84
57 1 67 96
58 38 79 94
55 50 56 52
12 63 50 75
45 50 68 67
79 12 95 88
40 36 63 93
54 28 85 33
32 20 53 64
10
15 5 15 10
10 10 15 10
25 5 25 10
10 15 15 15
10 5 15 5
30 5 30 10
10 25 15 25
20 5 20 10
10 20 15 20
10 5 10 10
10
31 8 56 40
10 8 35 25
31 4 31 99
29 18 66 41
7 50 44 52
42 4 46 99
13 52 51 91
57 14 71 38
49 7 59 75
58 51 94 62
10
91 4 92 99
29 33 40 52
83 1 88 96
51 60 70 99
8 4 14 99
60 54 81 86
4 16 23 80
32 3 35 98
1 55 32 76
29 1 60 50
10
12 37 35 90
10 6 21 8
25 36 44 83
61 40 99 75
54 11 86 23
48 84 86 87
49 3 56 98
21 54 54 66
34 31 72 32
82 1 86 96
10
84 62 99 88
80 16 89 84
74 1 90 1
54 55 89 74
15 41 46 74
13 8 38 68
32 6 34 94
81 27 97 75
91 1 97 96
85 55 98 79
10
55 67 64 97
50 6 62 90
68 24 81 85
24 6 59 28
54 36 91 77
81 1 89 96
22 72 49 73
63 2 68 97
40 8 52 79
63 1 73 96
10
45 83 62 83
20 18 20 35
100 50 100 67
90 38 90 55
30 23 30 40
11 34 28 34
100 63 100 63
26 35 43 35
52 73 52 90
80 44 97 44
10
47 35 60 98
16 20 52 61
61 88 99 97
26 2 31 97
19 2 24 97
4 44 33 54
25 15 41 66
49 64 87 84
9 3 11 98
3 53 38 93
10
18 54 31 55
6 1 42 12
59 63 84 71
37 45 76 67
18 64 49 83
80 71 93 90
56 39 86 42
69 3 75 98
7 72 29 96
61 4 67 99
10
60 4 62 99
41 3 43 98
3 11 41 11
49 2 56 97
71 41 97 98
80 1 93 96
21 71 39 78
29 37 65 56
36 39 53 54
12 35 20 92
10
41 8 68 48
73 8 86 23
65 19 74 56
67 38 92 97
49 4 56 99
42 7 62 42
64 3 78 95
74 1 89 92
36 33 61 81
18 21 49 61
10
76 1 93 82
38 42 61 91
20 59 46 69
67 21 96 46
51 2 55 97
57 18 86 53
26 15 63 42
10 4 11 99
53 76 67 89
50 14 75 69
10
18 51 51 95
62 26 87 80
38 3 61 36
39 62 55 70
20 2 33 73
46 49 78 67
38 1 40 96
67 19 68 34
23 12 30 71
74 17 90 80
10
6 52 43 89
25 55 49 78
67 23 88 83
18 26 39 44
89 4 92 99
52 32 70 93
45 57 67 92
24 50 51 62
3 68 34 74
65 31 70 79
