100
8 1 392756900 678
62917195 96512357 392713436 392715719 392716452 392720663 392737110 392737613
78 97 97 76 42 49 6 10
44 37 713509777 82
713501584 713501722 713501725 713501853 713501855 713502156 713502525 713502752 713502996 713503207 713503605 713503817 713503997 713504002 713504498 713504730 713504924 713505127 713505458 713505620 713505711 713506006 713506430 713506486 713506628 713506637 713507184 713507232 713507296 713507527 713507652 713507698 713507921 713507980 713508200 713508288 713508427 713508580 713508777 713508803 713508951 713509141 713509491 713509520
67 99 2 38 98 1 73 67 100 4 24 100 66 98 90 88 94 51 42 44 74 21 19 62 10 90 84 34 41 44 43 69 18 8 13 12 76 96 29 42 99 27 3 22
30 4 659541703 757
83554135 124742161 136005354 659475298 659482153 659483908 659487143 659488513 659488993 659489283 659489934 659491320 659492603 659498648 659503540 659507511 659513429 659513494 659517518 659518099 659519151 659519202 659522335 659523720 659530614 659533217 659534490 659534964 659538357 659539938
100 100 100 88 78 76 72 70 70 69 69 67 64 56 51 45 37 38 31 32 29 29 25 23 14 11 9 8 4 3
23 13 705154744 30
705151815 705151855 705151929 705152056 705152132 705152485 705152503 705152504 705152624 705152664 705152790 705152828 705152916 705153093 705153334 705153521 705153690 705153718 705153758 705153973 705154003 705154509 705154520
98 98 9 99 57 96 100 20 77 31 79 66 97 96 24 1 42 69 43 91 38 56 3
36 18 647671479 245
647648296 647650301 647650505 647651508 647652626 647654373 647655014 647657944 647658162 647658226 647658323 647658613 647658876 647659986 647660015 647660421 647661112 647661435 647662031 647662075 647662343 647663755 647665559 647665984 647666481 647667103 647667466 647667577 647668162 647669302 647669616 647669727 647670208 647670378 647670954 647670981
100 91 98 97 99 70 94 90 72 99 99 41 1 85 56 86 28 68 60 79 57 92 32 52 56 60 54 47 87 44 61 87 22 53 1 36
43 20 828379711 458
15323526 21254910 828335848 828336445 828338871 828340259 828342201 828343859 828344522 828345469 828346861 828348350 828349224 828351771 828352628 828353933 828354563 828354923 828357077 828357245 828357328 828359480 828360811 828362038 828362433 828363511 828364587 828364683 828364866 828365026 828365073 828367459 828369600 828370244 828370559 828372169 828372761 828373454 828373909 828373996 828375496 828378838 828379110
99 61 98 63 99 39 23 28 86 20 50 76 45 88 52 49 14 76 63 94 6 39 68 9 8 32 56 66 31 4 23 52 16 14 75 4 8 10 1 10 62 1 55
29 2 933190018 741
5800370 933120650 933126777 933129750 933130283 933132636 933133382 933134192 933134875 933135225 933136421 933140846 933145108 933147211 933148818 933160993 933161903 933170517 933171462 933171967 933172459 933175909 933177737 933178403 933179603 933179854 933180315 933180907 933181727
100 93 85 81 80 77 76 75 74 73 72 66 60 57 55 40 38 26 25 24 23 20 16 15 14 14 13 12 11
45 45 932385188 783
932308563 932308659 932310995 932311877 932313994 932314267 932316466 932316764 932317114 932318815 932320000 932320183 932322142 932322352 932322356 932323860 932326175 932330224 932331728 932333235 932333897 932334524 932337322 932337553 932340430 932344317 932347495 932347601 932351780 932354074 932354110 932356908 932357035 932357071 932357161 932361137 932364423 932369352 932370153 932374491 932375673 932376808 932376892 932377763 932380165
99 99 96 99 94 94 89 95 97 86 90 88 95 89 100 94 79 75 92 79 70 87 97 77 98 85 96 76 56 61 66 63 97 39 88 63 99 80 33 89 57 33 46 78 25
25 2 591761141 601
8162431 66138938 77670378 84588447 591714366 591724722 591728172 591730486 591732413 591735290 591739462 591741845 591742435 591743138 591744848 591749648 591750414 591751426 591751734 591752550 591753539 591756253 591759137 591759167 591759445
64 72 98 94 88 3 19 16 47 30 9 24 64 1 13 11 6 16 13 10 4 2 1 2 1
25 7 331859885 345
331825582 331826738 331827295 331828052 331830177 331830682 331830996 331832753 331833493 331833900 331835632 331837998 331839686 331841572 331844112 331844776 331845097 331850870 331851292 331851961 331853084 331856323 331856718 331857026 331858631
25 98 77 41 95 99 68 22 87 16 5 25 31 78 8 34 35 69 22 17 1 2 3 5 3
47 18 904490535 160
904474577 904474963 904475084 904475399 904476003 904476045 904476254 904477011 904477287 904477528 904477664 904477805 904477950 904478062 904478404 904479075 904479650 904479961 904480390 904480565 904480895 904481016 904481287 904481422 904481970 904481997 904482388 904482659 904482834 904483658 904484364 904484758 904484856 904485479 904485506 904485583 904486023 904486031 904487010 904487539 904488028 904488204 904488717 904488860 904489442 904490054 904490311
100 97 96 95 91 91 90 85 83 81 81 80 78 78 76 72 69 67 64 63 61 59 58 56 54 54 51 50 48 43 39 37 36 31 32 30 29 28 23 18 16 15 12 11 7 4 2
42 16 537623280 336
537589768 537591390 537591585 537592076 537592342 537592358 537593652 537594445 537596230 537596635 537598433 537599077 537599111 537599254 537601848 537603550 537603799 537604095 537605353 537605396 537605495 537607288 537607769 537607778 537609494 537609534 537609789 537612663 537613334 537615790 537616957 537617781 537618072 537618375 537618484 537618758 537619055 537619220 537620045 537621004 537621601 537622536
100 97 33 42 97 97 71 100 26 22 99 85 81 80 75 41 39 66 76 38 70 16 64 93 9 60 91 26 36 1 21 16 89 15 5 6 10 34 1 43 28 2
13 8 860984988 682
860917317 860920786 860926664 860938106 860939142 860943515 860944258 860945350 860951309 860952226 860953269 860962718 860963396
100 94 85 68 68 61 59 59 50 48 46 33 32
29 1 756861957 646
11505513 756798876 756798977 756800742 756803987 756805279 756806600 756806928 756811102 756811609 756812679 756815291 756817909 756818224 756820603 756821349 756825289 756827244 756831152 756831605 756833002 756835079 756841711 756848274 756855106 756858593 756860574 756860978 756861129
30 99 1 97 4 50 94 3 34 93 87 86 100 17 40 15 77 82 47 25 65 61 39 93 3 2 2 25 1
45 34 571728671 650
571665608 571666232 571668172 571668262 571669596 571672023 571672461 571672534 571673269 571673636 571673911 571674646 571674671 571676807 571678224 571679130 571682919 571685504 571691899 571691914 571693806 571695862 571696521 571698626 571700721 571704425 571704937 571706328 571707617 571708260 571710552 571710713 571711265 571714805 571716608 571716681 571718867 571720060 571721406 571721592 571723052 571723612 571726865 571727392 571727739
98 96 94 93 91 88 87 87 85 85 84 84 84 80 78 77 71 67 57 57 54 51 50 47 43 38 37 35 33 32 27 28 26 22 19 19 16 13 12 11 9 7 3 1 2
44 7 231822183 976
231725197 231725434 231732816 231733195 231735868 231743271 231743924 231747663 231749368 231752271 231757480 231759160 231760395 231763621 231765219 231765708 231773676 231774075 231774354 231774788 231774873 231775739 231777150 231778879 231778897 231779644 231784862 231785582 231786141 231789356 231792529 231792709 231797705 231798671 231799307 231801029 231804087 231805207 231808040 231808952 231810924 231814027 231814771 231820636
100 100 97 99 99 91 84 92 81 88 84 66 69 99 72 70 87 74 65 85 64 81 14 52 99 87 46 54 5 34 98 47 78 2 86 98 33 34 20 96 66 89 98 18
24 21 173046899 147
173032256 173032274 173032739 173033174 173034212 173034541 173034831 173035553 173035589 173036301 173036406 173036486 173038723 173038850 173041077 173042302 173042497 173042659 173044269 173044971 173045745 173045796 173046184 173046404
100 100 99 94 90 91 93 100 77 91 94 95 75 62 66 94 70 42 31 62 98 90 3 3
42 24 240799964 997
13495802 240704090 240705745 240707092 240710052 240710193 240712934 240716600 240717484 240719239 240724471 240731051 240731439 240733869 240734125 240735151 240735773 240739076 240742266 240743466 240744271 240744286 240746979 240749856 240756634 240756864 240757907 240760094 240763587 240764145 240767638 240770367 240770565 240772329 240772459 240776585 240782032 240782993 240784805 240789739 240789958 240795226
100 97 94 94 90 91 88 84 82 80 76 69 69 67 67 65 64 62 58 57 56 56 53 50 44 43 42 40 37 36 32 30 30 28 28 24 18 17 15 11 10 4
18 1 170163305 804
170085309 170085958 170087412 170087918 170088364 170094506 170099256 170105231 170105363 170106900 170109201 170114243 170128355 170135700 170139293 170139980 170157275 170159211
98 96 94 94 94 86 80 73 73 71 67 62 44 35 30 30 7 6
31 2 171318600 285
322796 4981332 5741768 171294378 171295042 171295233 171295876 171296383 171296459 171297372 171297540 171298012 171301475 171302842 171303141 171303251 171303381 171303430 171305827 171307541 171308003 171310470 171311537 171311910 171312131 171314341 171314672 171314806 171315790 171316727 171316972
35 24 53 87 51 83 78 44 9 66 16 2 81 11 82 48 28 7 23 26 31 11 94 3 60 20 46 76 4 6 3
25 21 349647365 855
1554216 349567444 349568073 349572030 349577398 349581310 349582854 349583395 349585633 349587934 349591206 349591864 349605042 349606750 349606760 349609858 349614456 349615530 349616861 349619629 349635844 349638585 349642657 349643110 349644724
9 1 98 55 91 78 39 8 32 87 98 40 51 23 1 43 14 72 78 9 4 48 69 1 68
14 8 936339894 890
936259706 936259975 936260912 936264827 936272756 936277398 936285917 936286646 936295668 936304288 936312289 936316512 936317359 936326384
91 90 89 85 76 71 61 59 50 41 32 27 26 15
24 13 650913455 10
650912531 650912545 650912554 650912608 650912619 650912839 650912841 650912846 650912860 650912864 650912926 650912983 650912996 650913031 650913078 650913108 650913134 650913155 650913193 650913215 650913240 650913313 650913354 650913381
95 31 21 90 96 46 89 99 11 23 94 49 24 83 78 92 65 56 21 49 39 6 8 2
22 7 719706877 886
719621850 719623832 719625521 719625639 719627499 719633980 719639472 719643205 719653677 719663375 719666663 719668590 719670973 719674075 719681453 719681765 719682858 719688961 719691571 719695129 719697555 719704900
96 94 92 91 90 83 77 71 61 49 46 44 41 38 29 28 28 20 17 13 10 3
26 4 805569809 756
27348504 29310469 41518413 44300732 102104372 103810771 154003953 805518141 805522257 805522943 805524061 805529294 805530479 805530799 805531902 805532245 805535034 805539237 805539943 805541129 805543415 805544349 805550232 805561734 805563014 805566425
24 86 38 49 23 94 33 12 64 20 44 88 2 52 30 25 1 96 38 32 21 87 6 61 1 1
37 30 456570406 127
456557853 456558152 456558999 456559264 456560026 456560699 456561285 456561700 456561920 456562165 456562683 456562960 456563011 456563176 456563724 456564946 456565523 456565620 456566123 456566164 456566643 456566726 456566981 456567235 456568151 456568323 456568589 456568733 456568742 456568751 456568784 456568813 456568885 456569193 456569283 456569327 456570027
99 97 89 88 81 76 71 69 66 64 61 58 59 57 53 42 39 37 34 33 30 29 26 24 17 17 14 14 14 13 12 12 11 9 9 8 3
37 7 873468205 394
2182170 38269632 873434454 873436491 873437929 873438115 873441632 873442792 873443414 873445384 873446536 873447217 873447593 873447912 873449200 873450058 873451117 873453321 873453500 873454735 873454901 873455025 873455524 873456060 873456662 873456876 873457471 873457476 873458386 873460349 873462568 873466218 873466557 873466565 873466820 873466907 873467251
100 100 85 80 77 76 67 65 63 57 55 53 52 51 48 46 43 37 37 35 34 34 32 30 29 28 28 27 24 19 15 5 4 5 3 4 2
7 3 475076413 871
474998431 475017108 475025611 475029338 475036419 475046321 475053595
90 68 59 55 46 35 27
47 2 638670912 468
14074291 638624478 638624975 638626206 638627158 638627641 638628140 638628156 638628248 638629501 638630696 638631697 638632163 638633508 638633603 638634436 638634879 638638440 638639657 638642033 638642557 638644062 638645437 638648654 638650845 638651213 638651750 638652756 638652898 638655673 638655840 638656204 638656967 638657517 638658792 638662545 638663642 638664114 638664404 638666200 638666508 638667048 638667256 638667413 638667440 638667567 638669133
61 87 39 24 87 21 7 27 9 74 55 24 38 55 13 2 84 25 43 24 4 52 22 12 4 9 20 38 9 24 4 14 6 91 15 14 9 12 8 7 4 5 6 6 7 2 1
2 2 629855498 673
629788956 629810287
99 68
10 5 573638760 582
573587684 573606257 573607530 573611617 573614996 573621917 573628506 573633787 573635028 573636338
88 55 54 47 40 29 17 8 7 4
3 2 52439458 179
52422451 52430051 52431761
95 53 42
45 5 670851519 72
670844382 670844502 670844551 670844621 670844733 670844987 670845101 670845496 670845584 670845599 670845603 670845711 670845870 670846182 670846325 670846346 670846677 670846832 670846881 670846969 670847089 670847111 670847199 670847363 670847745 670848028 670848036 670848285 670848618 670848623 670848721 670848752 670848840 670848964 670848967 670849452 670850164 670850218 670850377 670850529 670850601 670850669 670850906 670851439 670851442
100 98 97 95 95 91 90 83 83 82 83 81 79 74 72 72 68 66 65 64 62 62 60 58 52 49 49 44 41 40 39 39 38 35 36 29 18 19 16 14 13 12 9 1 2
33 6 546622344 998
546522971 546524356 546527267 546527301 546527819 546531051 546533084 546535081 546537894 546544293 546546426 546548266 546555215 546555625 546556025 546564608 546567381 546569954 546579089 546580020 546580045 546580388 546581599 546585251 546593866 546596854 546603781 546609863 546610491 546610701 546611704 546617905 546621051
75 31 41 50 1 2 91 100 58 25 54 24 60 12 6 23 28 42 11 32 9 34 34 29 11 21 15 2 11 80 10 4 1
23 19 253278790 974
253182990 253187954 253189896 253190935 253207121 253209086 253209148 253218231 253221848 253223895 253230107 253230657 253232311 253236097 253242152 253247212 253249404 253253058 253261314 253269457 253274965 253274977 253275052
99 94 91 90 74 72 72 63 59 57 50 49 47 44 37 33 31 27 17 10 3 4 4
9 2 886110887 525
886065172 886067241 886075806 886076286 886084722 886087848 886088708 886096494 886108480
41 91 6 81 83 100 62 38 27
22 2 49347894 646
678997 49285831 49288020 49288394 49289436 49289521 49293931 49294769 49302486 49318557 49320178 49322525 49323420 49324214 49331026 49331439 49335058 49336399 49337026 49340232 49341720 49346072
87 72 64 8 31 97 46 73 86 21 7 35 9 14 17 12 5 84 2 2 5 28
23 21 684111652 568
684059095 684059274 684059744 684062684 684062703 684064090 684066105 684071953 684076844 684085377 684089199 684089307 684090446 684092364 684094514 684096427 684097327 684099007 684101551 684101711 684103103 684105087 684109676
96 94 99 98 92 97 99 97 68 52 48 63 85 46 35 32 43 27 41 67 34 17 88
8 2 993625385 684
993564344 993573914 993595658 993614721 993615115 993618464 993621170 993623387
26 68 85 10 8 55 12 2
13 1 2932109 454
295329 990943 2896590 2900159 2904550 2905664 2906974 2907757 2910178 2920249 2923626 2926385 2926907
87 84 94 96 43 25 38 85 44 84 69 30 41
36 16 73676865 171
3571416 73661036 73661582 73662422 73663005 73664259 73664488 73664739 73665627 73666098 73666365 73666532 73667423 73667855 73668130 73668918 73669231 73669309 73670246 73670446 73670488 73671175 73671635 73671842 73672089 73672151 73672525 73672556 73672649 73673226 73673269 73673720 73673902 73674643 73675093 73676221
8 93 10 8 87 23 27 37 93 93 27 33 45 15 70 22 19 21 50 16 64 22 27 11 17 49 1 7 17 71 13 83 13 6 31 2
8 4 903148261 972
123097990 903061993 903071605 903072053 903084663 903086918 903143344 903144122
100 89 79 78 66 64 5 5
45 39 745074457 229
745052301 745052320 745052598 745052890 745053005 745054265 745055129 745055655 745056400 745056726 745057136 745057261 745057330 745057846 745058571 745058909 745058962 745060272 745060974 745062045 745062175 745062289 745062700 745062717 745063879 745064858 745065251 745066003 745066124 745066411 745066560 745066885 745067105 745067531 745067624 745067687 745067718 745068468 745069059 745069224 745069296 745069726 745070572 745070868 745071696
97 96 95 94 94 89 85 82 78 77 76 76 75 72 69 68 67 62 58 55 54 54 51 51 46 42 40 36 37 35 35 33 32 31 29 29 30 26 23 22 22 20 17 16 12
3 2 958053347 93
958046622 958049416 958051246
84 87 70
3 3 847336317 613
847292711 847324588 847324607
92 31 96
13 5 840893923 817
840816638 840827583 840827770 840845041 840849956 840860900 840866183 840873478 840878708 840878787 840879060 840885772 840891226
96 82 89 53 29 39 93 28 38 17 69 51 84
22 11 315096364 55
794848 315091465 315092056 315092066 315092080 315092081 315092089 315093468 315093470 315093815 315094038 315094214 315094299 315094567 315094657 315094846 315095112 315095533 315095638 315095741 315095886 315095904
6 90 85 79 48 86 53 62 68 92 5 72 74 25 2 29 11 8 7 1 4 19
49 13 256897545 309
256867204 256868188 256868231 256868904 256869695 256871801 256872427 256872791 256873290 256873297 256873438 256875662 256875675 256875920 256876413 256876996 256877017 256877422 256877543 256877692 256877741 256878201 256878647 256879132 256879984 256880204 256880264 256880442 256880769 256881181 256881401 256882877 256883638 256883854 256884361 256885059 256885891 256887415 256888964 256889149 256889319 256890320 256890355 256890395 256891837 256891865 256892114 256893038 256895518
99 37 96 94 38 84 7 92 84 5 91 71 20 66 50 86 89 3 12 71 84 56 19 77 20 53 78 75 52 18 2 12 99 40 16 17 66 87 16 34 73 4 52 9 16 1 1 14 3
46 23 238168020 834
238088482 238091568 238096155 238097367 238098467 238100608 238102793 238102983 238104363 238106865 238107875 238107949 238110873 238112728 238114422 238114431 238115701 238117773 238120290 238120833 238122946 238123717 238125650 238126530 238128374 238129870 238133185 238134739 238135809 238139147 238141317 238143287 238146288 238150896 238153975 238154893 238155305 238155494 238155667 238155860 238156623 238156909 238158851 238160884 238164647 238167175
98 26 1 100 98 51 93 96 59 55 99 57 27 93 81 83 7 79 36 61 91 68 66 96 30 98 36 63 56 77 90 36 81 14 42 25 4 7 49 20 9 11 20 93 5 1
34 8 454268857 393
454230476 454232295 454235455 454236920 454237046 454237048 454238679 454240706 454241113 454243091 454243393 454244897 454244993 454246405 454246839 454248342 454248470 454248548 454248727 454250064 454250191 454252323 454253773 454254001 454254246 454255314 454258009 454260153 454261035 454263303 454264374 454264549 454265652 454267787
97 93 85 81 80 81 76 71 71 66 65 60 60 57 56 52 51 51 51 48 47 42 38 37 37 35 28 23 19 15 11 10 9 2
36 15 775340229 833
775261533 775266193 775266754 775267625 775272479 775272806 775273427 775274478 775276566 775276593 775277504 775278625 775283592 775285230 775285585 775297118 775298464 775300330 775301122 775302488 775305406 775305569 775305640 775308901 775309041 775310532 775313415 775314197 775316039 775316281 775317005 775319128 775323465 775326462 775326526 775331784
97 94 98 96 86 95 24 93 90 92 78 89 71 81 92 57 90 66 71 100 87 59 50 90 93 100 61 33 30 70 84 76 72 57 82 95
50 25 207916842 424
207875770 207875989 207876158 207876594 207876762 207876932 207878341 207879574 207880390 207880723 207881522 207883175 207883295 207884158 207884594 207884616 207884876 207884896 207885120 207888570 207891356 207891623 207891678 207892123 207894496 207895038 207895190 207895370 207896657 207898172 207901411 207901893 207902016 207902852 207905702 207906922 207907639 207908002 207908645 207909326 207910948 207911120 207911771 207912210 207912260 207913252 207913397 207915899 207916022 207916318
100 97 98 97 99 96 93 94 100 87 85 93 98 89 87 97 95 77 97 73 73 94 77 92 61 7 43 43 24 30 17 4 10 32 18 11 11 6 10 16 10 2 8 3 1 3 3 1 1 1
48 32 509250789 859
9015295 509165835 509166266 509166666 509170238 509172334 509174947 509174952 509174963 509180485 509182101 509183516 509183605 509183726 509188537 509190756 509192118 509192819 509193247 509194773 509195722 509197787 509198170 509199834 509200958 509201399 509203116 509203763 509203981 509207218 509209279 509211275 509211587 509216742 509216913 509221068 509226132 509226604 509232873 509235625 509237771 509237898 509240773 509241602 509244641 509247234 509247493 509247769
29 99 99 39 43 98 78 61 7 58 85 82 14 27 98 21 97 78 90 68 55 91 83 27 93 94 27 29 28 91 52 59 41 79 7 23 17 59 5 37 4 11 6 82 7 44 1 2
29 19 648531930 92
648522985 648523213 648523383 648524016 648524034 648525018 648525085 648525670 648525984 648526272 648526305 648526580 648526966 648527113 648527302 648527916 648528288 648528687 648528767 648528870 648529117 648529268 648530343 648530412 648530738 648530946 648530993 648531158 648531592
48 99 44 89 91 98 10 27 30 54 13 45 13 77 91 28 23 51 13 15 15 43 2 13 9 10 57 8 1
42 28 118577587 262
118551396 118551921 118552372 118553352 118554621 118555397 118556163 118557435 118557852 118559229 118559277 118559849 118560980 118561096 118561215 118561266 118561267 118561542 118561912 118562003 118563973 118565446 118565553 118565574 118567769 118568154 118568799 118569193 118569264 118569309 118569361 118571062 118571643 118571881 118572504 118572642 118573177 118574202 118574358 118576345 118576424 118577091
100 98 97 93 88 84 82 77 76 71 70 68 64 63 63 63 63 62 60 60 52 47 46 45 38 37 34 33 32 32 32 25 23 22 20 19 17 13 13 5 5 2
8 4 891613302 620
891551617 891552850 891558469 891560451 891569004 891594968 891603014 891604837
100 99 94 98 96 12 29 94
32 31 965981509 842
965903172 965905845 965907586 965909117 965910897 965915715 965918820 965920324 965923605 965923933 965924314 965933358 965934748 965936024 965936632 965936822 965939080 965941998 965945583 965950187 965950570 965952072 965955571 965956672 965958021 965958179 965958747 965958755 965959558 965963937 965970563 965980402
94 90 88 85 84 78 75 73 68 69 68 58 55 54 54 54 51 46 42 37 37 35 31 29 28 28 28 27 27 21 13 2
24 21 626796727 327
626764453 626766219 626766983 626769078 626769980 626772376 626773213 626774135 626775820 626776983 626776997 626777350 626781514 626783573 626783928 626784202 626786470 626790491 626793130 626793808 626794815 626795551 626796005 626796285
100 98 100 99 95 89 22 92 84 81 67 94 24 45 50 93 49 51 72 88 4 41 44 4
20 1 856424406 98
856414870 856415045 856416193 856417345 856417881 856418939 856419683 856420282 856420378 856421643 856421706 856421865 856421955 856421995 856422142 856422182 856422530 856423413 856424189 856424192
97 95 84 72 66 55 48 42 41 28 27 25 26 24 23 22 19 10 2 2
15 10 204969244 292
204940551 204943040 204947467 204947916 204948142 204949555 204956620 204957749 204961227 204962997 204963959 204963987 204964949 204965058 204965204
99 92 1 28 76 96 50 24 100 21 10 1 65 75 76
4 1 956712129 27
671423719 956711161 956711411 956711901
99 76 3 47
47 3 932649593 304
932620377 932621492 932621514 932621734 932622598 932622862 932623628 932624176 932624377 932624412 932624733 932625826 932626979 932627661 932627676 932629497 932630370 932630757 932630861 932632698 932633086 932634497 932635358 932635523 932636154 932636783 932637373 932638505 932638574 932638798 932640013 932640233 932640335 932641562 932642212 932642435 932642929 932643139 932643476 932643556 932644069 932644308 932645751 932645809 932646145 932648497 932649174
97 93 92 91 88 87 85 83 82 82 81 78 74 72 72 66 63 62 61 55 54 49 47 47 44 43 40 36 36 35 32 30 30 26 25 24 21 21 21 19 18 17 12 13 11 3 1
50 45 690983366 187
690964902 690965186 690965343 690965670 690965892 690966248 690966488 690967046 690967512 690968220 690968872 690969522 690969531 690971123 690971189 690971275 690971825 690971974 690972164 690972385 690972745 690973112 690973208 690973466 690973470 690973516 690973575 690973746 690973764 690975035 690975622 690975678 690975860 690976905 690978333 690978703 690978870 690979128 690979718 690980162 690980399 690980661 690981024 690981220 690981317 690981387 690982351 690982582 690982805 690982930
100 98 99 97 97 99 92 90 97 100 86 30 77 90 66 94 79 67 71 84 89 79 68 98 72 96 59 57 93 45 82 53 79 57 84 85 72 63 83 58 39 59 22 50 73 93 43 87 51 37
33 2 988694081 883
7170081 988613796 988616689 988618641 988619214 988619342 988626389 988627490 988630320 988631581 988635134 988640522 988642936 988644238 988648301 988649228 988655975 988658155 988659787 988661532 988662587 988669947 988671263 988673230 988673449 988674336 988687177 988688018 988689747 988690777 988691574 988692838 988693033
20 35 62 27 68 21 53 61 24 4 36 39 14 40 23 18 38 1 6 10 91 10 6 21 6 15 76 9 88 2 1 1 1
11 10 322202429 841
41226002 322128711 322129014 322160519 322162286 322176331 322181799 322184177 322188375 322194576 322200411
1 94 96 92 92 77 77 100 2 1 84
39 37 599936939 283
599908886 599909307 599910748 599911238 599911245 599911529 599911577 599912439 599912751 599913029 599913719 599914046 599914398 599915503 599915821 599917748 599917814 599917868 599918406 599919465 599920446 599922360 599922378 599922546 599923141 599923513 599925153 599926949 599927102 599927344 599929651 599929714 599930263 599930541 599932020 599932158 599932750 599933887 599934602
100 99 98 92 41 93 94 96 63 93 66 87 94 81 89 71 10 92 68 66 56 90 43 57 100 57 75 88 97 56 73 2 63 90 63 80 19 86 8
33 18 894473216 355
894437848 894438438 894439087 894442760 894442938 894442993 894444301 894445922 894446794 894447260 894448280 894449547 894449709 894451738 894451915 894453140 894454454 894454840 894455795 894456745 894459139 894464187 894465353 894465898 894466718 894467632 894468591 894470317 894470698 894470952 894471519 894472231 894472395
100 79 97 44 26 88 77 62 78 3 29 38 91 7 28 30 68 5 52 20 51 28 10 20 75 4 8 2 6 5 4 2 2
25 2 76626969 369
368629 76594039 76594055 76595910 76596486 76597237 76597644 76598716 76600810 76603694 76604008 76605471 76607976 76608927 76609953 76610079 76610370 76612032 76615020 76616958 76618481 76620424 76621765 76625541 76625579
57 95 98 85 87 14 86 1 35 89 55 63 23 100 25 2 73 98 69 24 51 95 76 2 46
20 11 433696324 443
433652491 433653042 433653287 433654029 433656653 433661536 433663496 433666933 433668240 433671775 433675665 433676015 433676911 433677582 433678912 433685559 433685619 433685736 433690540 433692181
99 38 25 86 19 85 41 88 39 4 29 11 62 91 24 57 22 4 1 4
43 17 623987570 371
623952554 623953406 623954298 623954849 623955352 623955375 623955404 623956619 623956777 623957294 623959338 623959662 623959887 623960908 623961179 623961986 623963652 623964422 623965050 623965225 623965481 623966524 623968722 623969324 623971336 623971720 623972013 623972016 623972075 623973628 623974557 623976224 623976446 623977659 623978021 623979124 623979663 623980547 623981283 623982187 623982775 623984110 623985552
60 94 84 1 48 77 58 99 54 100 95 91 94 3 49 62 89 39 96 23 12 18 37 46 30 92 74 95 18 2 27 93 24 24 56 71 25 47 18 2 34 5 2
44 28 745695257 139
745681635 745681771 745681853 745682814 745682888 745683297 745683447 745683853 745684094 745684959 745685141 745685300 745685982 745686290 745686422 745686542 745687375 745687376 745687584 745687649 745687798 745687925 745688347 745689055 745689112 745689214 745689604 745689810 745690360 745690467 745690767 745690821 745690831 745690987 745691058 745691071 745691472 745693011 745693043 745693387 745694188 745694842 745694952 745695030
100 98 98 94 94 90 89 87 93 95 80 81 70 97 79 89 83 23 90 90 66 62 98 66 25 43 90 59 49 57 66 55 73 92 39 46 22 44 15 44 38 64 60 1
8 1 775737173 617
35716887 112312984 278297323 303835179 775719420 775720573 775721750 775730898
100 100 100 100 29 26 25 10
24 5 464117344 506
464070178 464070942 464075043 464075941 464080106 464084047 464085690 464088678 464088869 464089102 464093710 464096580 464096615 464098609 464100823 464103054 464103132 464110188 464111677 464111845 464112834 464113269 464113921 464113964
94 99 99 91 95 66 91 60 69 58 86 72 17 93 43 37 74 6 5 18 91 3 16 91
17 16 735339430 437
735299026 735301275 735301327 735304776 735305236 735305764 735309897 735311373 735318811 735319358 735321966 735323025 735324532 735329372 735329990 735331258 735331637
92 87 87 80 78 78 68 65 47 45 40 38 35 23 21 18 18
37 7 186148741 144
186134448 186134875 186135301 186135463 186135630 186135727 186135851 186135874 186136090 186136484 186136768 186136869 186136950 186137540 186137882 186138068 186138147 186138229 186138396 186138581 186139426 186139695 186140332 186140547 186140574 186141058 186141310 186141349 186142887 186143791 186145738 186146971 186147963 186148023 186148290 186148315 186148421
100 83 6 89 81 79 100 99 74 88 89 91 97 86 88 45 42 27 94 79 64 88 37 80 89 11 21 81 94 47 17 1 1 3 7 13 75
7 4 40098553 485
40050478 40060691 40064612 40064813 40076455 40085864 40093846
100 85 100 74 66 49 92
34 34 434761808 958
7002783 434674548 434679505 434684995 434686991 434690162 434692314 434692907 434701924 434703572 434711579 434718792 434722005 434724323 434727622 434729182 434733870 434734163 434735194 434735907 434740902 434741100 434742289 434744129 434746294 434747042 434751878 434752275 434754262 434756354 434757763 434757865 434758305 434758331
63 99 100 67 99 98 76 89 20 94 28 26 32 82 86 70 25 41 23 13 41 26 87 98 2 11 76 58 71 4 96 2 98 7
42 5 470138300 529
470087510 470087513 470088735 470088736 470089229 470092618 470094064 470095662 470096116 470096764 470097434 470100013 470100625 470101904 470101959 470102573 470103023 470103589 470103599 470103763 470105577 470108895 470108903 470110034 470110775 470111107 470112832 470113804 470115474 470115833 470116859 470117423 470117762 470119736 470119845 470120130 470124477 470126938 470127336 470130396 470130722 470133743
97 96 94 93 92 87 84 80 79 78 77 72 71 68 68 67 66 65 65 66 61 55 55 53 53 51 48 46 43 42 40 39 38 36 34 34 27 21 21 14 14 8
19 4 106951089 432
6429379 106912134 106913254 106913925 106914176 106916962 106922410 106922833 106924649 106926320 106927884 106931364 106934886 106936907 106937449 106946613 106946766 106947138 106947754
10 56 74 58 86 7 57 66 3 71 83 66 59 3 82 7 2 3 1
43 3 63123298 799
63043827 63044509 63048942 63050999 63051902 63052776 63054812 63056832 63057165 63058711 63059761 63060782 63063020 63063271 63070107 63070162 63071005 63073824 63074038 63077255 63079447 63081570 63082115 63088798 63089061 63091968 63093626 63093973 63099072 63099387 63099604 63100784 63106345 63108162 63108579 63110266 63110671 63111592 63111768 63112379 63112791 63115811 63116004
99 98 93 90 89 88 85 83 82 81 79 78 75 75 66 66 65 61 61 57 54 52 51 43 42 39 37 37 30 29 29 29 21 18 18 16 15 14 14 13 13 9 9
18 1 401847312 674
401782568 401783967 401790004 401798087 401813876 401821458 401821749 401822667 401822790 401823319 401825768 401826983 401827853 401828931 401829351 401835884 401838541 401844388
17 24 42 39 5 59 34 24 30 14 20 19 17 85 5 7 10 3
14 9 739979943 276
739952549 739953206 739955465 739959932 739963282 739964086 739964490 739966263 739967984 739970007 739971077 739971235 739971311 739978761
100 100 94 76 71 75 71 51 54 43 90 62 70 98
44 39 133522018 256
133496538 133497005 133497133 133497501 133497702 133498257 133500185 133501359 133501618 133501641 133502286 133503138 133503502 133503863 133504801 133504903 133505488 133505611 133506611 133506879 133507137 133508109 133509274 133509290 133509914 133510400 133511059 133512192 133512427 133512836 133513164 133514360 133514552 133514715 133514873 133514923 133515572 133515885 133516939 133517033 133518124 133519726 133520046 133521421
100 98 86 98 95 99 88 91 94 90 80 81 97 92 77 99 89 94 74 77 65 98 76 96 55 57 77 63 57 53 59 27 38 78 75 8 40 16 44 52 97 51 98 22
4 4 705130634 142
705118124 705121222 705122304 705125978
89 80 61 43
6 3 987089040 372
987056075 987058673 987063799 987071948 987079231 987085310
94 61 61 8 11 4
30 19 777158666 598
777098992 777100250 777101046 777104323 777104911 777106804 777107557 777111993 777116836 777116937 777116962 777117405 777118179 777120167 777120855 777124416 777125945 777127072 777131355 777132600 777137460 777137598 777140398 777140569 777141421 777142570 777144874 777148265 777149606 777153988
100 98 98 91 99 88 94 83 74 87 80 26 97 74 75 66 70 62 92 77 95 76 85 100 97 1 37 44 45 62
14 4 361837413 578
361784896 361790136 361793116 361794499 361795156 361801926 361810233 361822072 361824292 361828205 361828467 361829893 361833361 361833410
6 30 79 56 84 61 16 21 15 13 72 53 3 5
11 7 250136978 904
16208625 25022269 52900299 68275989 250077108 250099597 250105165 250111331 250119476 250125068 250134549
100 100 100 100 67 41 36 28 19 14 3
14 7 965495243 119
14924528 965484740 965484888 965486800 965487014 965487149 965487254 965487876 965488444 965488515 965489124 965489572 965491944 965494719
53 4 94 97 81 81 75 25 86 99 9 51 8 24
26 9 574804014 13
574802724 574802885 574802949 574803009 574803022 574803172 574803183 574803184 574803213 574803257 574803323 574803393 574803416 574803426 574803441 574803497 574803515 574803542 574803611 574803685 574803690 574803723 574803799 574803851 574803852 574803880
100 59 89 86 11 49 67 50 42 31 1 71 77 87 42 7 17 21 25 87 4 5 52 37 22 99
37 2 220635505 805
598494 12079409 19647959 29432236 39358491 220567733 220573475 220585605 220587213 220587344 220590089 220591077 220592415 220596433 220597415 220598654 220601027 220601449 220601927 220602037 220603011 220603687 220604713 220605660 220605791 220606081 220606498 220611557 220614154 220619186 220619929 220623610 220625842 220630485 220630798 220634500 220634575
60 87 90 5 66 65 53 22 21 20 50 80 48 36 89 8 13 40 38 32 17 25 34 89 10 35 22 23 6 13 42 4 10 5 3 1 1
5 2 93512945 692
423637 93459615 93466140 93472072 93502217
85 84 43 16 9
6 5 373085016 197
26478821 373066347 373068006 373074068 373075419 373078738
100 94 87 55 48 32
26 16 926790980 249
926767335 926768943 926769037 926769410 926770423 926771531 926773508 926773777 926774290 926775496 926776155 926777336 926778078 926779090 926780397 926780442 926780646 926780778 926780836 926781519 926782653 926783429 926783781 926785181 926785835 926786230
100 92 98 94 91 87 73 91 86 92 98 100 74 63 48 85 77 86 98 53 44 38 39 92 36 45
27 1 119492465 978
119395024 119399747 119403804 119403840 119404189 119407095 119409736 119419760 119432715 119433647 119434208 119442203 119445771 119446168 119449049 119450068 119454901 119456923 119457252 119461507 119463887 119466175 119470916 119472654 119474347 119474537 119481067
100 95 91 91 91 88 85 75 62 61 60 52 48 48 45 44 39 37 37 32 30 27 23 21 19 19 12
16 9 201661843 869
12629085 19005173 62704597 201585932 201586126 201589931 201592347 201593368 201595338 201607296 201626943 201639573 201639658 201644118 201652062 201657795
22 31 75 100 93 34 81 91 93 55 97 25 31 6 55 15
50 25 103166035 237
103143349 103143421 103143895 103144369 103144431 103144826 103145971 103146120 103146386 103146506 103146873 103147365 103147542 103148826 103148914 103149379 103149493 103149605 103151627 103151757 103152047 103152448 103153446 103154206 103154262 103154878 103154927 103155184 103155764 103156387 103156550 103157031 103157045 103158095 103159507 103160288 103161115 103161116 103161261 103161400 103161783 103162232 103162387 103162641 103162983 103163036 103163659 103163872 103164096 103164263
96 96 94 92 92 90 85 85 83 83 81 79 79 73 73 71 70 70 61 61 60 58 54 50 50 47 46 45 43 40 40 37 37 33 27 24 20 20 20 19 17 16 15 14 12 12 10 9 8 7
41 29 965782142 750
965711407 965714529 965714619 965727563 965732106 965733125 965734315 965734563 965736206 965738132 965738921 965740408 965742501 965743701 965744564 965745190 965746351 965749372 965756611 965756645 965757314 965757515 965757901 965758210 965759592 965761618 965765105 965766450 965767281 965771449 965773423 965773550 965773794 965773999 965776763 965777526 965777850 965779045 965779431 965780119 965781006
98 28 93 56 96 90 92 76 84 74 19 99 27 28 15 75 67 45 89 68 90 56 4 87 47 84 26 72 83 77 37 43 28 2 3 80 3 3 1 94 75
21 18 902478361 460
34503129 48363916 117732015 902436847 902443248 902445093 902445387 902445634 902445899 902447131 902449687 902453482 902454026 902456441 902461531 902461787 902465574 902470690 902472338 902473534 902474772
100 100 100 91 77 73 71 72 71 67 63 55 52 48 36 36 27 16 14 11 7
33 11 815972841 581
815915452 815917546 815920118 815922966 815923498 815924813 815925000 815929597 815929686 815929697 815929703 815931050 815932923 815933607 815937249 815945218 815947110 815947118 815948014 815949531 815950248 815952698 815954161 815958935 815959898 815963350 815963667 815963688 815966232 815966368 815967517 815968484 815970908
100 32 94 100 96 95 100 4 78 98 88 29 69 70 93 67 100 97 74 76 16 70 88 99 49 51 10 22 26 28 77 24 2
