100
5 3 10 5
0 2 5 6 7
1 1 1 1 4
5 3 10 5
0 2 3 5 7
2 1 1 1 4
5 3 10 5
0 2 3 4 7
2 1 1 1 4
1 0 1000000000 1
1
50
10 3 504655813 580
37100376 504617934 504619110 504627899 504629543 504635975 504636369 504637416 504641453 504642722
58 12 67 13 41 31 20 14 24 1
10 2 129220105 46
129215743 129215873 129216584 129217563 129218073 129218190 129218255 129218416 129218429 129219275
100 97 100 64 72 49 65 98 39 1
5 1 628882587 161
628869404 628872810 628873329 628877746 628881239
84 43 77 26 6
4 2 228726887 346
228699258 228699646 228708248 228722591
98 99 66 63
9 2 883852263 531
29234768 111524504 175774954 883813627 883814002 883816272 883816541 883818834 883819200
57 92 43 76 39 30 16 46 39
9 2 7392597 326
7363807 7371685 7371769 7376747 7386083 7386422 7388671 7389972 7392010
88 64 64 48 19 18 12 8 1
5 3 462375931 476
101904322 462331857 462333830 462355842 462366261
1 94 61 19 9
8 3 192776586 848
192694420 192696861 192703471 192719950 192738553 192744295 192756069 192763083
98 98 99 75 52 77 12 10
3 2 361991209 662
361927668 361938735 361968159
96 80 35
5 3 492930525 203
9555238 492918380 492921600 492923523 492929867
99 85 5 28 77
2 2 1000000000 1000
1 999999999
100 1
6 2 444197516 697
444129714 444140647 444144334 444149457 444149676 444185959
98 82 77 69 69 17
8 1 944431719 318
944402088 944407040 944413148 944415495 944420646 944424830 944425760 944430547
94 100 10 42 34 13 7 3
4 3 595576510 75
595569769 595570716 595573327 595573341
90 77 43 43
6 3 758046657 367
56748310 204423547 230426882 758038391 758043016 758045077
100 100 100 22 10 4
2 1 447244136 868
447187106 447210129
66 39
7 1 171152161 339
171120059 171137362 171141306 171141833 171143367 171145441 171150949
95 70 10 11 19 41 70
6 1 99527361 553
99480325 99494696 99501412 99503087 99505038 99518450
85 60 46 43 40 17
9 1 818082304 14
206898807 818081103 818081165 818081678 818081681 818081778 818082055 818082144 818082148
100 85 81 45 44 37 17 11 11
5 1 734432199 312
204091758 292720718 734408849 734412252 734424270
100 100 74 63 25
5 1 549584759 696
109070520 137186856 549562455 549570078 549581613
46 93 68 55 3
10 1 939198528 381
21780104 27944450 41390120 939187310 939188354 939189106 939189580 939190848 939192149 939197930
55 30 47 23 9 15 16 12 1 1
3 1 791920389 341
211668644 461959076 685463775
100 100 100
8 2 992477528 292
992450736 992454025 992456053 992456930 992463419 992466401 992466938 992473174
92 80 73 70 49 38 36 14
3 3 20377536 23
20376865 20376934 20377265
42 57 60
10 3 470564894 778
466142 46234866 470504908 470522689 470524390 470547574 470553636 470555109 470559222 470559576
65 94 75 25 32 17 84 11 4 40
2 1 765848082 191
765832322 765847036
35 41
6 1 730707556 369
21241303 730680104 730687198 730693801 730693932 730697224
100 74 55 37 37 28
6 1 588231044 818
588181310 588186401 588192864 588204448 588210001 588221576
89 52 30 58 12 8
7 2 700161394 257
700138119 700140221 700141253 700145424 700155093 700155220 700159687
6 26 25 41 22 64 6
7 2 423630059 231
423611080 423616428 423618219 423623036 423624936 423624969 423628123
100 74 93 93 97 24 3
7 3 689466747 602
228828597 357267756 689439332 689439633 689456618 689457159 689463276
91 94 3 7 14 71 1
9 3 790270364 243
790247000 790248956 790253720 790254931 790255052 790258363 790259477 790266686 790266737
99 91 84 81 85 90 60 85 90
3 3 956704978 1
125381987 164650814 956704975
100 100 3
9 3 954361973 194
954344338 954346271 954348077 954349712 954351999 954354163 954354554 954354646 954357653
94 87 21 11 42 35 17 24 9
6 2 802420342 591
802366998 802380303 802381652 802395611 802411735 802414844
91 25 6 58 61 76
7 3 233975488 298
10347815 233953603 233955170 233965621 233967652 233968092 233974576
50 80 20 25 1 17 2
10 2 264909334 516
264862082 264863378 264867492 264872901 264873880 264876948 264892998 264896317 264901979 264908784
61 99 41 92 66 78 75 4 57 41
3 2 777133849 953
777049991 777114188 777125425
97 14 77
4 1 879549542 1
11256331 66096109 879549485 879549489
12 91 89 75
5 3 975772743 261
975749658 975759082 975766724 975767310 975770296
99 54 74 60 47
3 1 133890552 385
133857605 133880044 133888951
90 28 3
6 3 604707715 300
604678567 604684084 604684308 604689220 604698715 604707176
98 98 81 70 43 78
8 2 950094460 954
950006358 950008256 950020551 950039945 950051688 950055903 950061228 950069692
93 90 78 57 44 40 34 25
2 1 760043784 365
411999158 760038090
100 15
6 2 56425483 585
56370892 56381400 56388974 56404998 56406862 56416231
93 76 62 36 31 15
9 3 369544445 927
369466089 369479201 369500866 369503595 369505994 369507325 369509911 369533184 369540546
85 70 47 45 42 41 38 13 4
3 3 102052427 455
102018135 102020382 102045565
76 71 16
10 3 136874974 261
3472179 136857853 136861421 136861745 136862110 136862640 136865151 136870545 136874005 136874691
26 25 86 45 58 14 13 80 37 1
5 3 363569182 567
363521502 363522829 363535430 363560098 363563967
85 65 67 57 76
5 1 963400848 549
963352595 963357963 963375622 963380826 963388732
56 80 43 23 15
1 1 1000000000 1000
999899999
100
6 2 960395186 62
566930322 960390096 960390591 960391956 960392858 960393382
34 99 9 65 12 15
3 1 386621959 988
386599420 386604006 386607212
83 13 59
3 1 357576281 323
145738781 357556334 357571356
100 62 15
2 1 258213633 37
43253591 82134767
100 100
6 2 477168043 32
76430715 477166162 477166266 477166312 477167621 477167896
9 100 84 64 5 22
7 1 439209574 862
89515587 132115037 157842333 439166096 439172523 439195199 439199919
100 100 100 50 42 16 12
8 1 142222286 951
35122522 36080937 40574454 142180660 142183896 142189250 142195139 142210037
84 70 12 42 25 33 8 5
4 2 471702454 868
471636002 471643208 471643902 471682764
90 70 99 42
6 3 21588998 648
2588460 4274380 21532403 21542514 21544980 21549015
29 33 32 44 43 65
10 3 790650090 815
790573068 790573556 790576780 790581395 790593697 790606246 790613660 790633710 790638092 790640645
95 93 89 84 70 53 45 20 14 11
10 3 567516939 536
567465309 567465936 567469762 567472968 567480901 567484968 567485623 567502022 567506277 567507976
15 97 100 98 43 79 5 43 7 38
4 1 725231675 698
725187370 725191674 725226942 725227295
69 24 1 51
5 2 635041829 189
635025591 635026699 635029379 635032740 635035810
99 10 100 70 89
10 3 227999808 773
2565438 227947500 227948126 227950263 227951926 227958357 227963158 227990835 227997090 227997201
87 58 68 28 36 3 66 3 3 27
6 1 839028726 380
838993525 838996913 838997839 839000398 839004170 839004791
96 51 26 14 73 63
4 3 769119557 244
769109514 769110454 769117534 769117840
77 3 3 27
6 3 54950632 147
9111719 17452431 54945787 54946067 54946751 54947904
55 49 41 25 1 89
10 1 269838181 538
56302939 57010504 58081453 269800675 269801214 269805284 269808967 269809611 269822735 269836692
93 78 75 60 28 27 6 52 6 2
4 2 6805204 112
1204044 6801204 6801327 6801531
50 75 65 8
7 3 826288916 50
826284689 826285262 826285712 826286210 826286695 826287153 826288515
85 74 65 55 45 36 9
3 3 378660920 605
378611162 378618868 378642484
86 91 42
10 3 429880570 807
429815513 429817747 429821273 429832216 429844314 429850782 429859829 429869900 429870219 429872690
99 95 81 54 96 66 73 12 9 30
3 1 427649392 828
123119509 359074487 417467820
34 40 10
3 2 833910301 571
833875890 833904434 833909338
94 74 84
6 2 180693808 408
180655415 180674148 180676870 180678822 180689551 180692954
94 49 41 36 10 2
5 1 908292630 420
908263617 908266610 908275038 908280501 908290777
5 88 33 4 62
2 1 898548146 424
898541625 898546271
10 52
9 3 466944531 339
67439368 466919622 466921898 466922033 466925429 466927903 466928474 466930406 466936441
36 95 89 94 93 66 2 40 35
1 1 1000000000 1000
999900000
100
4 1 379447374 433
379416591 379421641 379424069 379429265
15 19 99 96
3 1 53833311 52
438690 53829188 53830968
3 47 2
7 1 676574305 294
676546629 676551121 676557582 676562979 676571292 676573281 676573917
98 86 99 70 78 51 83
10 3 897919822 371
115492679 248828182 897889529 897893857 897897482 897904247 897909197 897909239 897910267 897915913
57 18 85 80 57 17 27 66 88 8
7 1 494166035 612
494112662 494131048 494131336 494132231 494132645 494138663 494153654
90 27 91 59 95 89 68
9 2 430144013 364
430117246 430122374 430122832 430126034 430131468 430135719 430140394 430141098 430141545
77 77 64 92 74 64 84 46 1
3 2 279317375 952
279257829 279268467 279302787
63 52 15
10 1 631541078 339
18506224 631511304 631515185 631518728 631519693 631521356 631526594 631527411 631527553 631531822
30 97 31 49 52 8 6 94 10 15
4 2 737658675 186
737641237 737645339 737651060 737652514
94 72 41 34
9 1 375059103 270
375033139 375035868 375040173 375041395 375044880 375045285 375047447 375054973 375057724
100 60 91 88 65 8 27 81 3
5 1 545192013 653
545148246 545154920 545170361 545175522 545181943
92 76 50 96 12
2 2 658829675 38
658826781 658827152
77 66
6 2 206616337 221
16682870 206604720 206606845 206612984 206613822 206614632
29 77 29 75 4 71
4 3 134724214 754
134667051 134669082 134695281 134712959
2 90 35 1
4 2 11048344 39
11046920 11047020 11047695 11047909
15 10 1 19
