100
5 3 10 5
0 2 5 6 7
1 1 1 1 4
5 3 10 5
0 2 3 5 7
2 1 1 1 4
5 3 10 5
0 2 3 4 7
2 1 1 1 4
1 0 1000000000 1
1
50
9 3 325086805 403
325047161 325051967 325053141 325056532 325068125 325068757 325072277 325080969 325085425
100 48 92 46 79 64 95 14 72
3 1 94578566 361
1217528 94574228 94575984
54 92 92
3 1 736507819 59
736502473 736502554 736505733
90 90 36
3 2 131954085 85
1254630 131947340 131952132
64 86 86
6 2 483816542 316
27980871 30371482 483794047 483799518 483804848 483808070
24 92 94 70 41 36
5 2 626182293 198
297819378 626166758 626170939 626174589 626180927
100 79 58 38 7
6 3 216282635 578
216233109 216238717 216247431 216251265 216259961 216268530
11 7 73 19 24 25
5 2 572579486 643
153833163 572528012 572540172 572575995 572576221
100 81 62 6 6
8 1 91591617 480
91543622 91550667 91551044 91566525 91570850 91582392 91586321 91588139
99 85 84 52 43 20 12 7
6 3 564982207 345
304631376 564953166 564964225 564965829 564971883 564975578
95 88 30 52 25 41
6 1 257408244 168
12764895 257393862 257394539 257399140 257401338 257402911
100 85 82 54 42 31
2 1 320781431 740
54081827 320772366
86 60
9 2 244656675 90
244650080 244650403 244650670 244652300 244653605 244653854 244654665 244655340 244655762
74 70 67 49 34 32 22 15 11
10 3 839294632 497
839247915 839252050 839253547 839255989 839262078 839267443 839267548 839286292 839287669 839290093
51 8 100 31 36 1 47 27 6 3
9 2 982998166 672
239187233 329755852 982941943 982942118 982942923 982952365 982959547 982963505 982976197
41 100 71 90 92 72 83 20 8
2 1 373869118 847
218521399 326089682
88 90
2 1 857538600 299
857521791 857526319
78 93
3 3 866257053 63
866251733 866252203 866255928
90 60 2
3 2 73236354 648
22188706 73207853 73210737
12 76 13
7 2 915280342 317
915251878 915261658 915266931 915271603 915271718 915274899 915277743
92 86 92 13 15 19 3
6 1 380456956 32
380454036 380454363 380454833 380455176 380455245 380455742
100 30 58 39 1 75
9 3 493921236 841
15763809 493845773 493862388 493877896 493900585 493902077 493909540 493912200 493917196
56 99 21 13 15 61 26 4 93
3 2 861967633 869
42552343 861900278 861905782
100 77 72
8 3 469395446 639
469334651 469337027 469341540 469342181 469350566 469379157 469383403 469389090
96 92 84 84 71 26 19 10
8 2 790215422 223
790195098 790195410 790199501 790209032 790212076 790212891 790212925 790213661
100 76 59 24 1 7 3 3
7 3 204429839 750
204356849 204383361 204401114 204401866 204406629 204413130 204416626
50 60 5 79 30 8 17
6 2 673652049 357
58879282 189968712 292130508 415513732 673645405 673651474
92 45 98 33 19 1
7 1 152032487 209
152012748 152022498 152026969 152029184 152030844 152031597 152032007
97 59 36 13 1 4 68
9 3 823283554 538
823235398 823242513 823243960 823248760 823263985 823264137 823270294 823275511 823280871
95 93 44 88 84 3 43 40 39
7 3 967010262 895
966926259 966949551 966954629 966972001 966983146 966984822 966996070
100 98 99 67 85 45 42
6 3 192456856 685
192388808 192401579 192406253 192433260 192434848 192436443
40 35 1 26 88 16
8 1 638183524 981
638095831 638101450 638107088 638113489 638124378 638128451 638160984 638173973
93 54 20 24 39 46 44 1
4 2 574870983 76
574864972 574867153 574868154 574869009
94 40 15 9
6 2 64413114 371
17254281 34248795 35920664 64402070 64407391 64410429
78 34 87 57 3 5
6 2 210296814 799
41221866 138276509 210269326 210279173 210284957 210295620
78 65 32 7 3 61
8 3 190307901 577
190259037 190261858 190272189 190275975 190283045 190289637 190296590 190297381
86 96 17 81 96 25 40 26
4 2 194178569 963
194115746 194119846 194138956 194177188
70 90 99 1
8 2 46436471 427
6109101 46405483 46415289 46419890 46420062 46424784 46429417 46429490
100 73 49 39 39 27 17 16
2 1 706619080 889
706566505 706591003
60 31
2 1 665600995 774
665536539 665555789
95 58
10 2 742979173 658
742917736 742918273 742921330 742924818 742925506 742946331 742949748 742950052 742963883 742970444
57 97 75 94 84 34 24 27 47 8
4 1 914825323 661
149138854 182850505 216750717 914776203
16 96 51 76
8 3 195905960 295
195879647 195880960 195884740 195886988 195898034 195899764 195900062 195905235
90 84 71 64 26 21 20 2
10 3 432483273 980
432390391 432392953 432397976 432437833 432441406 432444329 432461268 432461624 432461673 432470974
2 79 92 11 14 7 7 8 3 1
8 2 697935824 343
697902468 697903916 697911050 697916840 697919701 697927460 697928567 697932369
98 94 72 55 47 25 21 10
10 3 126123322 944
23530946 126030739 126044475 126059843 126078292 126080798 126094480 126115792 126117875 126118733
100 98 83 68 47 45 30 7 5 4
7 2 34070974 288
34045404 34045502 34048737 34051024 34052222 34052462 34068551
93 75 82 1 4 62 62
6 2 142251091 523
3433632 47784389 142219105 142221645 142223128 142232822
68 50 92 93 86 26
9 1 168648901 876
28192013 61554093 77877116 168599112 168600636 168605640 168616539 168626282 168642681
47 34 98 32 45 1 5 24 3
8 1 307360048 711
26811629 34153567 307312133 307315178 307319054 307321652 307353385 307354970
3 87 60 10 52 52 2 44
2 1 167281044 553
167239829 167266362
100 80
3 1 34775703 224
34771993 34772894 34774329
47 5 1
5 1 142670237 162
207558 142659418 142659443 142666646 142666984
100 66 67 22 20
6 3 522893713 944
522806176 522826300 522827793 522843070 522844470 522881102
93 72 70 53 53 14
7 1 690985856 981
12137432 206497257 276258173 362309219 419339328 644128024 668363289
31 65 55 79 15 26 68
9 2 262125536 409
262085071 262086453 262091669 262102097 262113527 262114659 262122494 262123387 262124709
100 75 68 14 24 13 4 4 1
7 2 926740632 879
926675432 926690531 926695088 926699941 926707620 926716736 926728464
75 57 52 47 38 28 14
7 3 623139465 278
623115677 623119330 623119479 623120799 623123225 623124293 623132607
98 23 19 98 49 18 13
8 3 645375786 717
645305309 645306316 645308175 645338583 645339467 645344747 645350132 645363750
100 98 97 96 100 60 64 33
3 2 841668609 366
841638671 841661754 841661916
82 18 19
9 1 869130653 688
16723814 59413656 869083436 869090156 869091673 869093557 869101745 869108396 869125925
100 100 69 58 57 53 42 33 7
3 1 149011769 261
5290894 148998431 149005847
8 99 3
8 2 731715186 843
130416591 235618836 282533404 731657371 731667611 731685789 731705299 731706117
100 100 100 69 57 35 12 10
8 2 229184415 929
47880381 65709029 69636009 229134924 229143708 229145774 229159581 229182756
74 35 19 62 20 83 12 1
5 2 956728468 754
956661180 956673167 956688383 956692232 956708748
86 47 71 36 26
5 3 608227279 695
608159403 608171702 608174969 608193905 608205984
97 79 75 48 31
1 1 1000000000 1000
999899999
100
5 3 424492902 165
424478194 424482804 424483281 424491001 424491962
95 20 14 7 2
10 1 534252969 644
534192126 534196730 534206703 534207228 534217536 534228069 534230849 534239326 534249095 534251360
98 94 33 38 41 66 26 31 83 2
8 1 616225590 973
616133024 616137754 616141893 616157939 616166600 616168239 616192107 616214234
99 74 28 26 21 56 28 30
7 3 718416780 886
718342504 718351117 718374384 718386586 718389027 718395286 718403057
13 10 84 26 26 8 69
2 2 1000000000 1000
1 999999999
100 1
6 1 487380449 466
55765213 114443560 194664131 342683121 487373737 487376910
94 44 38 65 13 6
4 3 904174270 832
904110994 904116602 904142331 904157638
90 44 21 74
6 1 273389594 152
273374904 273377255 273378257 273381120 273388228 273388467
96 82 75 55 8 7
9 2 721195298 622
721144061 721145028 721158403 721158576 721166792 721180497 721182411 721189356 721191560
87 37 76 31 14 8 60 2 1
3 2 51135888 781
1781006 51109231 51123598
55 62 1
4 3 496438243 439
12726284 496412417 496430333 496436883
100 59 18 3
4 1 885027532 466
884982438 884992223 885017115 885025304
99 92 10 2
8 3 958691130 374
135895810 138551852 958658063 958660322 958660972 958667995 958681233 958689180
6 14 93 68 54 38 26 4
8 2 372424830 107
372415002 372415709 372418473 372419236 372419629 372420291 372421217 372423879
92 85 60 52 48 43 34 8
7 3 284616941 97
18459657 284608485 284609660 284610331 284613101 284614053 284614660
52 98 89 95 60 96 9
3 3 927654427 607
927610419 927615951 927633028
73 63 36
7 3 305919317 140
6229508 305912296 305913288 305915535 305917628 305918264 305918564
74 14 26 13 9 4 21
5 3 212689409 728
212622801 212664132 212666608 212674543 212684200
98 60 71 51 78
2 1 19026312 442
13189020 14720794
100 100
5 1 294452125 271
294434421 294435452 294437568 294440380 294447162
39 36 49 41 98
7 3 50562846 5
50562420 50562478 50562507 50562546 50562557 50562648 50562837
93 100 82 78 67 93 81
6 3 548075493 339
548043411 548058222 548064833 548064837 548070377 548073474
98 66 78 38 20 86
4 2 671592037 289
671563631 671567908 671570391 671589984
99 5 66 62
5 3 300909750 504
300863446 300871733 300886518 300898038 300907219
92 76 46 24 6
8 2 453225115 489
28353145 203104883 204411634 453211421 453215107 453217108 453222037 453222991
81 61 22 78 2 2 4 2
10 2 512802478 179
512785098 512787184 512787800 512788131 512790686 512791163 512792766 512794951 512797035 512800036
98 86 82 81 65 63 55 43 31 14
7 3 325365387 534
5476170 325314666 325322569 325322907 325328658 325353485 325360106
38 95 88 93 94 13 4
2 1 295357769 414
295320817 295326123
100 43
1 1 1000000000 1000
999900000
100
