100
5 3 10 5
0 2 5 6 7
1 1 1 1 4
5 3 10 5
0 2 3 5 7
2 1 1 1 4
5 3 10 5
0 2 3 4 7
2 1 1 1 4
1 0 1000000000 1
1
50
3 1 19044971 784
18968936 18977902 19022976
99 93 28
3 1 157638315 345
157606193 157608138 157615490
93 88 67
2 1 318641978 414
318619580 318631760
55 25
4 3 348764537 313
348747408 348747574 348759980 348764112
85 95 10 1
3 2 212461504 116
212452200 212452337 212456408
93 89 37
3 1 218644194 711
9642306 218596423 218610792
100 68 47
7 3 776372893 614
776315097 776323479 776335696 776341918 776353030 776359348 776366693
99 28 62 41 23 11 3
9 1 310760889 646
33117466 310715042 310717692 310720381 310736976 310743866 310745188 310750753 310754307
100 70 66 62 38 26 24 16 10
5 2 860832476 258
860810121 860816623 860820390 860821137 860824880
90 57 39 55 94
3 2 17114099 186
17096690 17108255 17110140
16 76 9
5 2 213601299 83
41673395 213595615 213596107 213596633 213599676
4 89 79 81 91
6 3 601656676 400
601622867 601624504 601648061 601650357 601650547 601654244
72 95 7 4 100 3
7 3 146913442 309
60610957 146892568 146902637 146904328 146910176 146911506 146912086
6 100 97 70 96 78 1
2 2 319736917 672
319674360 319685254
94 96
10 2 613342711 745
613273909 613276729 613279506 613279797 613298858 613300056 613314989 613319185 613328781 613333448
64 19 97 4 38 53 21 82 77 49
8 1 410507819 693
40815523 410444545 410450231 410462427 410466088 410469584 410486607 410492897
48 89 7 96 32 18 22 58
8 2 182831507 549
15017140 31905006 39466944 61232431 73053167 182800115 182819961 182829940
14 2 23 76 97 72 36 79
7 2 293329044 967
29196223 293273395 293277570 293284850 293292417 293306129 293316526
76 28 31 13 41 56 28
7 3 759928383 525
759876450 759876458 759887646 759900935 759901159 759902922 759909969
100 99 100 100 96 79 79
5 1 992617573 460
308353275 379028592 992588853 992596713 992601590
39 71 18 70 93
10 3 952086165 421
63900721 83052094 952052562 952054782 952066003 952068442 952070674 952081970 952082242 952082964
58 55 96 5 10 87 36 8 9 4
9 3 326540579 333
326520056 326520555 326523086 326525709 326526070 326530084 326531659 326533174 326534771
61 60 52 45 44 31 26 22 17
6 1 789120605 253
789100915 789107533 789113607 789114520 789117484 789118930
78 52 28 25 13 7
6 2 700445909 844
254345252 700376421 700400370 700413715 700432239 700444609
54 84 29 40 27 66
2 2 346598790 528
346593270 346597597
11 3
4 2 467345093 393
467320824 467329666 467333380 467340436
62 40 30 12
7 3 691704182 781
691629218 691669829 691675252 691683046 691684017 691689846 691696560
98 33 37 21 10 7 95
4 3 412158836 487
412119080 412130977 412150167 412154136
84 83 64 32
2 2 542022605 317
541997983 542017800
100 93
3 2 724645253 137
724637196 724640042 724642489
83 64 73
5 1 905167527 275
905145052 905152391 905155091 905155450 905166522
81 55 46 44 3
3 2 18931878 430
18900412 18909031 18923803
74 54 18
8 3 193630615 395
193595748 193606994 193607869 193618891 193619330 193623454 193625252 193626686
24 71 54 27 63 6 10 83
10 2 902966467 999
902882613 902888005 902893921 902903288 902904115 902904227 902905273 902914533 902936105 902946546
86 57 51 54 26 17 2 16 18 15
1 1 1000000000 1000
999900000
100
5 1 421375197 19
92285771 421374323 421374729 421374746 421374973
48 56 17 14 5
2 2 16338505 565
3264939 16316513
80 57
2 1 602849455 207
602829929 602833731
97 96
7 1 826415096 960
826320948 826324099 826334826 826348665 826352157 826386220 826388067
100 100 95 77 66 82 15
2 1 349338269 779
349286524 349305709
66 42
10 1 320490524 26
320488168 320488244 320488610 320488627 320488681 320489224 320489419 320489696 320489861 320490229
91 18 37 28 10 25 85 19 22 8
7 2 42801344 413
1145892 9156885 13558292 42772312 42773259 42773934 42787353
37 48 30 78 79 75 13
7 1 552881658 349
145408859 196254846 552867664 552875245 552875754 552876987 552879733
91 28 28 3 2 1 2
5 1 853087712 756
853022333 853050618 853063755 853075762 853079920
88 18 35 2 2
2 2 322890598 378
322853650 322865007
99 91
4 3 806869227 488
806827830 806828203 806836858 806837421
85 85 67 66
2 1 807497909 636
201823847 520362814
59 26
4 2 199611141 169
199595132 199603891 199605946 199606254
91 95 79 83
8 3 392516963 968
392441159 392450988 392453424 392465930 392466188 392490803 392492011 392496381
98 89 6 7 90 21 11 1
6 3 709790655 786
709721783 709726753 709729920 709732708 709744244 709762950
17 59 56 38 68 19
7 3 500822640 983
34449677 500760010 500768950 500778093 500790360 500792862 500816955
39 100 96 44 45 68 5
9 1 479916492 629
72557234 114313558 479859172 479884188 479888588 479891091 479898242 479902548 479910285
26 2 94 88 35 25 11 7 7
7 3 454085097 333
454053954 454064297 454069451 454071263 454075770 454083646 454084594
25 87 47 8 38 53 65
9 3 173782639 505
173732206 173741927 173743275 173744502 173749315 173750336 173752931 173756405 173779947
99 80 77 75 65 64 58 52 6
7 1 214431683 569
214375229 214382455 214393178 214398118 214400316 214411748 214420039
48 98 76 20 37 52 7
6 3 285094933 92
100826390 285090664 285091065 285092820 285093385 285094768
63 40 43 11 5 1
7 1 286072906 522
286027879 286033162 286038871 286046134 286046507 286057558 286069029
90 95 55 4 32 13 1
3 1 487886460 659
487847601 487850500 487850613
59 55 55
5 2 957315593 917
957241001 957287260 957306571 957310848 957311250
92 38 1 22 9
2 2 1000000000 1000
1 999999999
100 1
6 3 936273105 563
8369096 10092953 936249807 936260988 936269815 936270804
100 100 42 21 6 4
6 3 441688515 857
130673673 182551091 271054566 441664530 441683299 441685495
11 16 49 38 4 84
9 2 127659073 569
127602329 127609265 127622509 127624597 127628816 127632009 127634309 127634444 127635168
100 98 88 66 75 53 47 58 77
2 2 64017061 457
64007325 64015516
68 10
2 1 950023798 996
949939418 950013647
13 42
10 3 11023248 575
251217 713009 2730160 10978267 10986418 10988630 11011604 11011653 11014967 11015189
100 100 100 78 64 60 21 20 14 14
9 2 170907203 664
170848142 170848607 170858316 170858611 170870694 170880873 170888276 170889850 170898694
89 94 89 89 17 14 89 54 9
7 1 303158137 877
3656008 303077908 303082474 303111812 303130535 303142643 303151098
66 60 88 9 15 12 6
9 3 413004046 943
412914882 412918024 412929667 412934274 412944925 412947423 412951194 412959466 412968505
7 9 97 88 51 78 74 76 74
1 1 1000000000 1000
999899999
100
6 3 806353721 671
806295375 806311762 806314733 806329588 806334735 806345898
87 63 59 36 29 12
3 1 336888877 389
151648304 263279620 304621186
9 92 74
9 3 937232139 146
937217904 937219330 937220445 937221866 937223390 937225905 937226783 937227252 937231217
63 38 8 12 29 12 57 10 3
8 2 860466973 952
860388756 860389033 860394910 860398924 860399621 860436397 860439763 860449752
95 10 11 70 4 12 28 6
7 1 709127634 169
709110760 709112268 709112372 709114994 709117632 709119317 709120750
80 61 26 91 16 66 23
7 2 933357406 60
933351466 933351587 933352753 933352886 933354053 933355645 933357109
100 99 4 89 59 15 2
8 3 655661420 415
49064285 219506708 655642987 655643669 655649373 655651208 655654395 655655586
100 100 45 42 30 24 16 14
8 2 516958204 975
516863198 516866950 516869824 516872737 516875142 516894225 516901602 516925674
98 4 97 91 87 75 12 35
9 3 849280108 175
106781898 111788688 849265557 849266419 849266707 849267218 849273632 849276028 849276043
69 93 84 93 10 85 35 61 94
3 2 69517283 499
69481636 69496130 69509362
72 42 15
4 2 445672053 421
445641063 445647166 445654475 445668301
75 43 43 29
7 3 633556330 535
60968813 193235503 326545513 633529922 633538130 633542102 633543033
57 76 91 83 22 25 1
3 3 526262314 543
526211463 526215173 526237051
94 86 47
3 3 124867175 120
124858781 124860063 124863671
35 83 11
7 3 908802410 797
908753980 908754492 908759386 908770563 908784640 908786078 908789942
61 61 53 40 22 21 15
9 3 717361141 218
717341452 717342613 717343635 717343811 717351678 717353847 717354544 717357319 717357892
93 94 31 39 40 81 39 30 94
10 3 784309331 433
784266493 784268892 784274036 784276667 784277108 784291281 784292870 784299838 784301059 784307381
99 99 91 58 98 10 31 86 27 87
9 2 335023825 18
335022831 335022949 335023035 335023111 335023223 335023326 335023438 335023483 335023733
56 49 44 40 34 28 22 19 6
10 1 378918534 170
378901918 378902834 378902849 378905919 378905938 378908115 378909394 378910262 378916090 378918134
100 97 9 86 81 44 21 80 83 2
5 2 196112115 980
41278960 112419257 196059089 196060146 196066399
39 95 86 15 4
8 3 239216384 683
6675710 239160382 239179376 239180511 239184913 239186480 239195068 239209601
7 91 7 48 89 16 27 2
7 1 463404876 411
463375925 463390352 463393838 463394809 463396323 463401777 463403603
96 6 22 2 74 1 1
4 2 351283620 198
131980879 351268565 351270061 351278468
1 84 77 55
7 1 316265772 715
1859562 9891909 45011588 101286578 316256902 316257781 316262995
45 55 86 70 5 7 1
8 2 570354581 67
48689335 104207645 570350522 570351201 570351651 570352256 570352414 570352485
41 56 72 49 23 27 22 15
3 2 388846965 8
227862085 388846303 388846935
27 88 68
