100
5 3 10 5
0 2 5 6 7
1 1 1 1 4
5 3 10 5
0 2 3 5 7
2 1 1 1 4
5 3 10 5
0 2 3 4 7
2 1 1 1 4
1 0 1000000000 1
1
50
9 2 999554013 868
81313711 999480405 999484880 999487236 999490311 999497920 999498805 999500991 999544173
100 85 79 76 73 64 63 61 11
4 1 400504439 674
65111681 206634492 251584912 400488116
18 5 58 10
5 2 397044897 232
18083336 397024294 397027816 397033776 397038924
100 89 74 48 26
2 2 345398033 825
345332006 345352775
91 71
3 1 344292678 750
166036650 174730172 344252908
100 100 53
3 3 845712278 920
845630545 845643236 845684486
89 75 30
4 1 740398093 930
740318847 740323704 740335441 740389804
86 80 67 8
9 2 504036129 274
504008946 504012679 504018137 504020331 504025222 504028014 504028252 504033668 504035832
98 29 24 48 29 23 76 2 1
10 2 825130426 977
96629508 232594847 825058458 825074591 825083657 825087204 825097889 825114420 825114942 825126284
69 41 88 11 19 99 32 11 51 98
10 1 234044281 23
234042246 234042287 234042307 234043038 234043128 234043709 234043746 234043753 234043993 234044136
85 91 49 87 20 19 66 58 25 2
7 2 695066092 544
695011775 695013311 695020649 695035176 695036086 695055070 695064370
48 44 51 51 12 41 1
3 2 737290575 546
3487743 737245577 737277708
13 92 77
10 2 329374004 817
22225913 59616587 329308136 329311240 329326107 329343885 329345172 329346432 329347268 329361376
85 37 81 11 62 24 27 95 65 15
2 2 815115426 873
815054729 815097342
29 62
2 2 636069417 995
635978444 636026248
97 58
9 3 981755973 586
981716840 981719603 981719698 981720618 981733378 981740034 981742649 981744327 981749004
67 63 62 60 38 27 23 19 11
5 1 822139473 670
265320089 822101458 822105453 822111140 822123100
100 57 50 43 24
10 2 162080372 682
162014011 162026394 162031946 162032877 162043291 162062931 162067832 162068412 162076079 162077104
15 98 44 71 40 11 18 17 3 69
10 3 898787640 64
19756919 898781569 898781854 898782637 898783189 898783999 898785052 898785082 898785265 898785701
76 95 78 3 81 74 38 27 34 5
2 2 788612699 904
788530707 788534819
94 54
8 1 477383112 801
17504160 60338609 477355074 477358366 477360183 477360529 477360869 477369901
100 100 35 30 28 28 27 16
5 2 44003690 101
14656656 25182011 43996387 43997574 43999973
72 54 90 31 28
2 2 416104869 246
416080898 416082033
99 98
2 2 1000000000 1000
1 999999999
100 1
6 1 570467824 906
570381965 570401865 570410225 570428754 570435224 570439497
97 73 98 100 79 10
3 2 896159682 481
896123196 896135924 896141284
75 50 38
8 1 609184187 164
609167912 609173528 609174043 609175614 609179455 609181701 609182121 609182320
100 78 86 17 12 8 5 23
8 2 824440100 768
4773110 12734755 824375839 824377436 824383364 824385938 824413567 824428243
100 100 84 82 73 71 34 16
8 1 561176154 59
79722319 171254339 561171858 561172120 561173410 561173525 561173746 561175997
100 100 73 68 46 44 41 2
6 1 966911746 152
966898984 966905394 966905868 966907339 966908028 966910483
74 63 20 3 1 74
2 2 439857425 317
439830597 439842953
85 46
6 1 35529985 471
8561073 35499544 35508213 35519966 35523162 35524897
87 34 95 15 14 26
7 2 233838822 992
233767542 233771861 233794230 233801512 233806567 233833757 233836108
81 9 60 88 18 90 2
8 3 608547496 102
608537609 608537623 608538139 608540014 608540291 608540456 608543379 608547004
99 82 69 63 28 23 68 4
3 1 872404960 178
872398526 872398608 872402318
37 35 14
3 2 679307149 91
679302542 679303574 679303850
72 30 69
9 3 54193719 352
232431 54177512 54180815 54183622 54184702 54188981 54190251 54191709 54192019
71 62 1 19 22 6 3 3 1
4 3 583529515 280
583503200 583506261 583507092 583509086
94 84 80 72
8 3 336861720 704
336791396 336794365 336804722 336815725 336827916 336829945 336849929 336855549
100 83 18 88 15 33 15 3
10 2 703782460 120
703774542 703775662 703775733 703775863 703776443 703778120 703778610 703780596 703781842 703782140
66 56 56 55 50 36 32 16 6 2
8 2 413413487 972
413346198 413349578 413353326 413353551 413353864 413366453 413379142 413404754
89 77 79 85 81 76 51 59
6 3 485741705 564
485687511 485709042 485715702 485720205 485723317 485726349
97 89 93 28 90 86
1 1 1000000000 1000
999899999
100
2 2 900076138 825
900008816 900012449
92 100
5 1 714666825 921
714611316 714621825 714626711 714633017 714634815
89 46 9 70 25
2 2 961812960 653
961763706 961800971
79 22
8 2 655132903 193
655114887 655114895 655117343 655120662 655123978 655124596 655125285 655126438
97 27 26 24 1 19 34 17
3 3 499610496 803
168832566 499575532 499579543
100 43 39
3 3 983173409 607
983119568 983146492 983160015
92 62 39
4 1 813546172 16
813544656 813545532 813546007 813546047
96 83 4 1
1 1 1000000000 1000
999900000
100
7 3 35654261 677
35587259 35595560 35597791 35616468 35634637 35636567 35645116
16 94 83 8 9 7 46
3 1 478609348 469
262392656 478564467 478590215
100 95 40
5 3 231427513 79
44921691 54616399 231424601 231425107 231425358
54 77 80 7 18
7 2 39175327 993
39093866 39095772 39120522 39127880 39140971 39161496 39165516
19 12 10 16 46 6 1
6 1 532245039 651
532180715 532190229 532192017 532198577 532203778 532241467
99 84 81 72 63 6
4 3 749043975 385
749023842 749033244 749033830 749041573
53 28 27 6
7 1 454118672 526
242902964 244527346 454074521 454077081 454080286 454083775 454088158
100 3 66 50 49 41 18
6 3 114141103 416
114108537 114111864 114112243 114117213 114126370 114136252
82 34 53 43 86 1
9 2 113441270 758
6447414 36535548 42350635 53806970 113415891 113418211 113427544 113435650 113438910
22 94 97 73 22 5 25 1 3
8 3 556841799 913
556759246 556763506 556772948 556802833 556808481 556835255 556836318 556840539
91 86 76 42 37 8 7 1
10 2 709738729 736
27035242 709666982 709671202 709680148 709682655 709692249 709701270 709703310 709721588 709732307
1 98 92 50 15 73 69 18 6 3
10 3 40573783 163
51105 1955531 3952349 13182504 40561284 40563315 40565647 40565884 40566827 40573442
22 16 63 50 27 31 30 100 27 1
2 2 997270128 272
997244655 997263666
98 63
2 1 404631898 866
157842182 280270219
89 18
4 2 162477296 559
162435307 162436181 162437009 162455857
93 88 88 17
8 3 432024363 919
431937850 431947007 431951641 431952843 431959365 431959504 431978580 431988165
95 85 80 77 70 70 49 40
6 1 969876716 370
139263296 969860810 969869445 969869651 969872354 969872920
43 35 18 3 8 5
9 3 225983653 952
225888802 225891296 225905992 225916932 225957226 225964088 225969490 225978589 225981494
59 42 92 82 27 1 72 2 74
4 2 264128485 948
264050647 264088744 264104005 264118702
95 20 13 3
3 1 520737524 458
520701282 520732868 520734625
95 100 67
5 2 19315804 583
19261597 19265121 19268851 19281484 19312018
94 98 10 44 89
2 2 684674768 964
684638703 684640183
38 36
3 1 132862184 420
107133215 132835590 132856683
13 37 65
8 3 903683560 879
12736833 236092008 903605833 903632785 903639900 903640503 903664590 903670254
69 91 100 96 12 33 66 38
10 1 652541429 184
25248958 652526507 652527178 652527983 652529720 652529922 652534084 652534483 652535417 652535507
100 81 77 74 63 63 40 37 33 33
6 3 316432877 777
89736797 316375690 316409175 316414409 316420009 316420822
100 73 30 23 17 15
6 3 408310388 271
111644618 408290325 408292092 408295007 408295497 408309197
100 75 67 56 54 5
4 2 5725094 809
1651321 5695841 5703268 5714554
17 100 50 24
7 3 881617210 567
881561780 881565161 881585340 881595826 881595933 881596525 881612149
97 92 56 37 37 37 8
2 1 411360769 700
411322737 411343937
55 25
3 1 524991954 238
384495967 414183364 524987798
8 78 54
6 1 573575249 904
573485618 573500739 573514119 573522636 573545328 573573803
99 82 67 59 34 1
2 1 519781862 715
43650765 519775680
16 95
8 2 735956992 272
735930829 735930913 735933733 735938674 735945149 735948506 735953693 735955428
97 67 93 64 79 95 6 24
2 2 17177428 576
17127217 17146739
88 54
2 2 207008447 578
206953620 206966597
95 100
5 1 822996976 242
822974720 822978777 822982516 822987114 822994393
44 19 66 45 6
9 3 559129673 454
559091513 559091608 559099018 559102124 559115475 559119287 559126890 559127009 559128896
91 43 37 59 13 18 3 4 1
9 3 685936116 866
685860154 685861396 685882942 685888191 685895322 685919082 685924325 685925913 685928506
87 86 62 55 47 19 13 11 8
9 2 497259526 913
24145461 497185882 497200797 497213063 497215011 497228450 497236325 497253824 497258479
29 89 28 35 6 1 8 6 1
3 1 914435653 692
914401185 914413290 914429097
50 33 9
6 2 79959254 541
392262 79913164 79917236 79918421 79922188 79939397
80 91 93 67 90 26
8 2 754025530 296
186280668 754000547 754002504 754004300 754012844 754019576 754023995 754025133
45 93 8 72 70 7 1 1
6 1 378225113 385
378188329 378190542 378201709 378210446 378212068 378215285
100 75 74 9 23 7
4 3 872783958 142
872770177 872775302 872778316 872783694
44 94 38 87
