100
5
1 2 3 4 5
3
3 5 6
2
5 6
2
5 5
15
870142 573984 812772 175182 349537 64787 905145 65208 218165 41333 45892 989733 709083 129883 303526
15
483171 746116 354811 774086 54651 285478 2998 740807 412185 642002 478972 938614 653239 28393 483886
3
848751 926365 184818
14
446628 92944 103862 931297 314667 650280 83084 799180 478737 753061 882524 449120 219881 822209
8
986009 456079 768312 656746 551304 585263 736849 261042
3
393856 534351 332573
12
655190 627950 520792 423815 994627 38049 427361 286305 105647 640844 566463 816089
11
343978 481167 781907 466913 577847 748645 453489 174556 881771 602829 860366
5
18266 207088 101114 109239 217063
3
579053 561855 18258
12
215 3568 4285 5511 5158 6015 7525 8621 2793 6603 147 9277
14
6065 615 763 3383 160 9336 2119 3081 3520 8139 6598 3291 7855 3646
5
381 4945 5785 2461 9964
6
7609 1962 8155 7450 4285 2159
4
7993 7770 8891 9176
14
5656 8851 6860 3245 3787 5832 4829 2566 7973 1802 5501 519 4795 1405
13
8456 8876 4561 6759 9222 9309 159 8367 953 3477 8428 2978 7615
12
899 7699 7313 4382 4394 3657 6258 7526 6166 6764 5250 3187
7
7982 7814 9 5847 5874 1596 1976
6
417 2979 7452 1750 21 1555
4
9162 9823 1510 115
9
9446 1665 2221 3632 4669 6659 2886 3238 11044
5
8686 5598 9758 5396 1850
9
8777 1384 2599 336 2795 9339 3059 4019 1670
7
7817 9 2779 8459 5207 4145 1085
9
9228 7210 5844 3811 7483 783 5839 2393 8627
5
2869 8240 3783 8231 1509
7
8927 8066 9743 1066 8313 9813 6484
9
6212 1381 5243 9108 5429 1158 7607 9006 4801
12
2381 6933 3814 455 7300 6778 2581 722 7850 7479 7237 3224
3
4470 5011 741
6
1486 1759 6572 1662 6043 2986
5
8246 9822 813 8840 10189
5
2670 8677 853 2603 8949
14
921 3007 5401 976 404 8158 9165 1664 2699 7919 5437 5857 5916 9548
3
9147 7021 14550
14
7686 8327 5577 6981 906 8692 7874 80 5533 5137 7263 105 758 6378
7
589 6208 6274 9023 4267 3158 15693
3
9704 8755 2011
11
5365 2978 60 2525 1637 3190 6995 6368 2390 7748 5410
10
8308 4088 2574 3069 8180 1914 4006 6045 1772 10278
14
7077 4306 7254 8230 7467 8015 4530 7493 3082 2918 9819 5069 8823 7031
15
2779 5229 7741 7443 7858 9584 5949 6668 8043 2533 9294 5999 5965 7493 1228
13
8208 7217 5873 367 1938 2082 5606 7286 7634 4772 7943 8590 7264
9
9593 3303 7201 7982 1192 5744 7481 6060 13020
11
3217 7532 8820 7023 1945 6411 8717 3113 1368 1152 6536
13
4377 2523 2799 6013 370 8739 1335 9050 8073 1626 9000 6755 2068
11
695 7576 6967 2978 4696 5006 6534 5317 7079 2425 4593
8
1236 9283 2800 5017 5818 357 2833 2547
5
744 8767 7203 3372 12760
13
1321 8891 1861 9047 5178 7750 5226 6809 584 5561 5224 9348 2022
13
4753 6433 7004 2631 5234 3365 1234 444 2855 6425 8210 5153 8351
3
5607 868 279
10
6116 872 4928 5438 5377 7009 8500 8283 9762 15327
7
1650 2790 5250 3810 9685 5287 9098
10
309 8019 501 6894 6826 9968 5577 386 5015 16123
6
2702 4356 7639 4939 5760 3006
12
2731 9912 8914 1230 1413 4010 8044 1983 585 2405 9395 14188
9
8112 7852 5712 1510 1595 3512 3831 1670 4440
15
6192 7300 8058 365 1160 7322 6597 6239 7281 9401 8973 8500 1136 2653 14327
9
6007 3852 5172 9185 299 5885 6964 154 9174
3
6060 7995 5247
7
6429 7883 6878 833 9179 6135 10853
4
5217 9732 5330 9911
5
9339 760 531 7237 3840
10
7614 9734 7831 7715 6486 8551 3178 6799 7574 2126
12
8071 7121 7033 9641 3983 8854 5664 8283 5198 8882 3761 6569
6
1421 1180 4520 3616 8919 705
6
7190 8226 3554 9465 5488 95
15
780 848 3349 1498 6846 2713 8732 5513 9796 2744 660 4212 4573 5683 5843
3
690 5330 5728
5
441 2438 2815 1153 2659
10
3219 8765 8476 2121 8367 944 3172 2126 7106 15116
5
7164 1138 4676 4041 515
12
151 1993 404 4296 1189 9447 914 4889 226 1377 2496 10888
12
2371 5880 67 2194 1582 8884 3826 8508 5760 5047 7065 656
11
1313 723 1508 779 8361 7694 3382 5372 6964 241 15797
15
6370 517 5336 3816 3093 5341 1424 2872 591 4359 6739 8764 5949 6996 12793
4
7214 8860 4727 11461
12
9878 7292 2935 9665 4216 6685 93 9701 215 4702 417 10409
15
3965 6197 6210 352 1805 8661 8427 4973 8946 4390 3719 6061 9430 4118 1290
11
7347 1077 7677 9821 2635 5264 2754 7291 3044 1 8353
3
6563 2247 4452
5
6552 3393 9881 7990 11638
3
5003 6306 2857
14
2245 3761 328 3315 9888 4571 3471 9176 9780 1554 3798 6787 4813 4653
9
1955 2437 4966 6107 3033 2369 5997 46 8334
14
1717 7127 5236 463 9463 678 4020 7769 6086 3936 5774 5100 2764 10349
14
4107 2055 9075 5558 2656 3100 8655 4847 4155 867 8687 5595 7646 4750
11
3717 6886 6258 1994 2765 3625 988 283 3056 6537 8065
5
5565 810 5959 5711 6047
8
8975 6245 2058 3188 5790 794 775 10647
6
2485 9169 292 6177 1656 13593
5
7261 5972 6790 320 4303
6
8419 676 8687 4762 8283 12649
4
6967 423 79 1146
