50
4 6 4
1 4 2 1
100 10 1
1
5 5 10
2 4 2 3 4 2 1 2 1 3
1 1 1
1
100 2 2
1 2
1000 100 10
4 3 9 1 2 5 6 9 1 10
1 10 10
4 3 4 1 2 5 6 9 1 10
1 10 9
1 1 1 1 1 1 1 1 1
1000 10 9
1 1 1 1 1 1 1 1 1
934 9 10
8 8 8 8 8 8 8 8 8 8
734 3 10
1 2 3 3 2 1 1 2 3 1
345 19 10
10 10 10 10 10 10 10 10 10 10
765 10 10
10 1 10 1 10 1 10 1 10 1
1000 100 10
10 10 10 10 10 10 10 10 10 10
734 20 10
1 2 3 4 5 6 7 8 9 10
631 16 10
10 9 8 7 6 5 4 3 2 1
3 11 7
8 6 7 10 10 10 1
2 11 8
1 6 2 8 10 9 7 5
4 10 9
10 7 5 6 3 5 5 1 1
2 14 8
1 10 8 10 2 5 8 10
936 7 10
1 2 1 6 4 3 3 4 3 2
123 8 9
2 6 1 8 4 5 2 7 4
458 12 9
3 8 10 1 2 5 4 6 6
344 10 10
1 7 2 4 10 7 10 9 6 7
9 21 9
2 10 4 2 9 2 7 6 3
6 27 10
1 5 5 5 2 9 6 8 10 1
8 25 10
9 3 8 10 4 2 1 5 5 3
8 27 9
9 3 7 8 10 9 2 4 4
82 13 10
6 7 7 9 9 8 7 7 6 7
157 14 10
7 6 8 5 8 8 5 7 5 5
233 38 10
9 8 6 7 5 7 7 7 9 6
393 41 10
9 5 8 8 5 7 9 8 9 5
137 14 10
9 6 8 9 8 7 8 6 9 5
575 66 10
9 5 8 8 5 7 8 5 7 5
117 49 9
8 9 8 5 8 9 6 6 8
374 88 9
7 5 9 8 8 9 9 8 9
87 51 9
8 6 5 8 6 9 9 9 5
288 80 6
6 6 9 5 7 5
589 61 5
9 5 8 5 9
790 50 9
5 7 7 8 5 5 9 9 5
40 78 9
5 8 8 6 9 5 9 9 5
832 7 5
6 7 5 7 6
23 27 8
6 8 6 6 9 6 8 6
88 66 7
7 5 5 9 9 5 5
210 32 6
7 6 9 9 8 6
541 28 5
8 9 8 5 5
230 64 5
7 5 5 5 7
876 96 8
7 6 8 8 9 6 5 5
153 36 5
6 7 5 6 6
880 15 8
6 6 8 7 8 8 9 5
