905
202237124272
9971937374
914
3263360819560409
4398046511104
12945369927415
6707529
19
645649105568990287
700381299792837977
6679983210
59
1024
14697
2251799813685246
33551
25439431
3527228
73
13029689386066
29693532
297499
28928505048675
240044149
830407998341778998
5283558326784
4
10796444
8440
113
1048575
510
3782
776033713706637609
4597
47
35
7160
274877906944
10466757243
120
16416004908262792
23736990520178
77062
134217726
782176204
19198622
586668265072554042
3123221
138573
2048
60461996
659805533241109590
1710462
106
16294545093
41425970419
6685917470911
18
235973675044725105
87
2251799813685248
42676812166
10021415035501869
578
86
185759717087
111
1022
457219569892177
11643923462575583
872120125472084236
30
21
65437688763002
1014896853979
10302836205230773
2199023255550
281474976710656
2097150
536870912
232622072057951
4697422594592523
58750072218153
21621444610391
959938402079646226
48082966691610809
750925701493607
243935689433032922
2047
3
765374942986029646
10206214
13
513437327
143047
953787716970716300
100478715384002811
173416274
126
36855917
8522
11606691719266
2657078241
3406138620516
2199023255552
1244090157011
3725
33
26665605307
53
17179869182
1898367811
597484958559895432
9007199254740992
1000000000000000000
25619545604119
778529705
111703
24570
842173016544
14
114
1125899906842623
6584112673158
268435454
6488
15594
302
4989
1007711084192
349757
87144113207
173537
91
178558482244149992
43461358706535850
96354
108
4637
8314779
11030663453479
158
7919286268
582339106724788833
262143
577515707821464510
16777214
70368744177663
4123326868911204
7657824957648
830
70472
64
11086154857
5296826618988117
812380296249325753
495139034
247578393743822
868883270103607576
857671
70983923696500809
1784193
7697660
2925913
32766
34259252
1073741824
738806619
8796093022208
15028483
760295575752144004
641292714333048235
565142706233
254
112502901208
12760031739734
1125899906842624
582
947224673008
68719476734
2208
756827814294127885
186448
26648161864
932055559059644561
843817961142019758
17798
4503599627370494
281474976710654
2097152
670
19474525
21661
181979356848145049
736256
16637164152
9
17592186044415
4398046511103
262142
7875499080168
900358
105
57891958731
75
660304435658326991
98405666
16381
539
146
36028797018963967
633079255713303
72049833371
508
1758376404958427
51949545824386
101
809804480091423631
945846268078839305
4095
39
85
268963493216059
4294967294
119
36190035462
307561782134
72057594037927934
729973090786149742
524288
1000748615330
67108863
1201
68
645732704300923099
1417983244515
777072238309038361
623594035578023436
918128277335228409
987065172224435973
35564
8966010393093
5
14775
5302985
1048576
175093599
341012581154
1577894544346975
1257016853448
1125899906842622
512611766494
76
830717353426951333
8063064
22643393569
2147483648
128
57818
81
908319963974233244
145955058
512
39997
93
16
11715239158
44
60985892558
288230376151711742
601043481696071
130528045069569
90197299671608712
4846212221163714
677923713955480892
84171697
20032580636
36028797018963966
6
12
3070211
36602835269930578
2033017383
1395082
65534
96245
83947002528
8191
16384
262
9688524
34359738366
4503599627370496
333030361067614
97
7193104771908
8192
1866584146878717
895045672197028279
132028915
2251799813685247
65535
4152652602044
102647996118019838
65
1704713899174
20376
38
350816383123
49660982
2210597990
844698704849222240
588072
662267894157637085
17025392528056411
48530604243
131906454169891017
63277819
159043
27512
607213892
37
69
89144632969417
858
878467520270719532
454623990006322
371383614363781381
82
42870280
291313367839361029
456657
1730
61549529239608737
562949953421311
386
352484998943052
124
24225647
15911783
975796338951462018
698922572126927906
820
795626
70368744177664
127244
139383
268435456
1120304630
31
4164491
898858749161035979
274877906942
272965205759331802
20518664124507
855407182187113055
5680567286838716
828564874
88542470
2121738978021
79549
907849717898591637
8405541881088
8388608
268435455
122
276962739226
232451071
58456928032212655
27278349
7000301677
634055191654633722
649965204193901161
27605
8388606
281474976710655
16383
60793503
3524198780230168
50430504181460636
3514715036469
3980286858816484
134217727
2132175345
54
606126852537219395
12627
536870910
587740440953304
640121013418993133
152
8589934591
121
35184372088832
1730640812
78
14087906086920609
64030
4503599627370495
2424221814134
221
882854384194889007
290386858566
217
142014310
870514493483210186
49
1159428
33413374776068
137438953472
819610460108331371
701112471587820922
100
549755813886
1079
4194304
288230376151711743
2821
35184372088830
320338678225
4294967296
16382
66817489
29580
496
1507326079004774
28
576460752303423488
107
648537763534545232
16107036438
2
274877906943
17592186044414
131070
5660105691
4194302
22188903987291021
335600609684831353
3351673228
15
63949
34
2559838
103
52
921059637801856818
133071065870
70368744177662
825756635874298901
5142395491955825
125
23689053
411922928
792356568677845
6044822709793862
6063937599327253
98863233851888438
104
17177598483580
17
19223811
26942335707674749
281
2044
2147483646
817586801
536870911
2392650722
196804211577048532
84207243887
3463816830286
441485618966869023
16331005
116
57
19475409977446395
642925866
49085192
129
330
8
1920203872946
256
41
33554432
39077028542798751
58
1789534
893539372775155329
4294967295
367119011447163463
41649
827181312945111836
2126356276508087
801744834036485636
6043122931
1048574
245
67108862
933938122802
240
1914
117
32534972940901
44966537764
827815852998424127
1401956
16246056058
13285824053
190468901506
74
10752273
2046
5887837171723234
63
146852080340074790
659290292030473
606270072135920010
52663501130952
116473099787982
118
4724604
610043383707133565
60
854
66
23969272560460198
43154429859
18239
131071
97185115700474664
228093444050
731623622965079284
34359738368
86959035213511
434998187
2408807499
61
1204
96
926890081265
591873261496903445
276264981833
1099511627774
814958806853643409
18014398509481984
7842047696575
10
8491405295
19712666249
11889815628924
2501213323219
4342275273966
509903104567972
144115188075855872
72057594037927935
9379101724811
914511981681708154
1322
32
524286
3935190793
24520
102532869286
17669709909000
4465292556234
282516817310037743
8538857922
834238707443678688
29
7112131
126505680624335895
847946260860437924
803841755831850757
23477499415
2020
857597768700946949
121309
33554430
1242266097550497
806308013371909209
297636
72
30566901782861458
869373095530699326
273074349089461
248346924968280540
32768
144115188075855871
174312159738
109
709567190938413707
1023
934907099557080724
18014398509481982
576460752303423487
131072
36
770707666864961576
752893071519453347
15136873
12682652455
24116814102422556
271575503991
8589934590
36028797018963968
50458242831503
90
4961
60103442512
543482
127
676262636728096103
68719476736
398817259
421296070169
51
417089926
217734137580
262331734
5893357079
807093901203630934
208194067
67108864
55799858290305
2058942
8796093022206
729228775096453089
288230376151711744
469738596
65536
1371
15130726773166879
92
3014035337589
71
1099511627775
164237234991647
34413429642194217
3561
34359738367
76395
562949953421312
1550794103435
130478033028516
79
54915235643728
800823582717834907
857396756778440659
113732857
8431755178589386
370
869189047925634440
106191112012138457
4094
4194303
89
111244192806
546930040545096474
433
211527173
511
713501035599223
7935
10883
329316365335183608
624321193222688798
287242
5977075231
824994724472967645
2242950051
1742649752
217
11
3334784
9007199254740991
6589
15338400569963257
129069099965972095
653055914376
30002806465543817
744163255829579
1546
858653000827070993
310
7
1274348667
46
4303986337394
105567267234162879
558267175158262
723900694374485906
704953023
1710180069667926
255
378172185
99
1361667189875196
1073741823
50
72057594037927936
3790
1846519940437366
238523
28791835
65164363984471801
98717274
80
3746924883
237347689081896
3828479943199
323847753654296
36587451638911
69002727
24
112
696527753568053920
1099511627776
99216
469773776031
25057819705
562949953421310
2272930753
833602672876636057
19321480068545580
2014393557
2005800570
140737488355328
2032618849311
137438953470
567932370634899
137438953471
62
872077476572150408
2586511
264936406676
22817
16777216
2199023255551
68719476735
18014398509481983
2841602520097360
15362029555034244
88
98
80865767
893446
4398046511102
27732076136232622
15040
140737488355326
192085277
349267582
1
55170310289661
32767
110
659734
102
434345
20533402568748
85483205756605
679231502243
17179869184
77
9809799
12618979390275203
3001357
123
578777
864799558778305142
2791899792800653
42
576460752303423486
549755813887
146935604790228
454920916317150
549755813888
8191
140737488355327
204865
70
6499192613
417024188
793691605762483056
4096
883129371163405
3624216564169155
17179869183
3586
9646
1701887
1073741822
35184372088831
45
824925397048845014
6726944734987234
98292628753272
901511520733451600
8190
23002744020477
83
2097151
524287
1030803623
56
40
43
17592186044416
83225539484691
220550805999
1463474
33554431
178892831638
132096633865468
144115188075855870
4496
427039
168030605124340472
4343215567266840
478586
351419063874221
8589934592
563877472422344505
9007199254740990
194612
20776072162
16777215
226106929797303
4122683316749319
995274017319334476
51390
23
48
4463928
55
95
958675
8388607
43253
6685321
107764379309
5468750
61839591061100
270102869385578
12501364
22
46538
28869805389
2147483647
118704727901433
57609597495
694960954754433552
30621387
25
3421
115
285870808342979
3537282719
191752196687175
613762276890100378
1484576
8796093022207
1514390003
948372385920269683
26
932322438631867302
1836963021619
461303
1360640610104
949330592440857227
100083877
3651057
225
9133520481676
94
419846
162126
134217728
67
7504325587760
910540913043701372
2660722622499600
836391165880206395
19975519779
1453595621326728
3265
757148893333415981
910374834518353945
732977134072226178
569663819630436529
50848653690987814
2638
52956519
20
102972930478
928
112226243
1053006351
262144
84
554104907699340047
27
