307
8692
9383
125
9618
9144
92
2007
62
9787
3
8993
30
65
776
73
79
221
69
8844
116
4342
9781
103
5882
2045
510
8197
6961
2
22
7130
36
8724
98
8512
93
90
597
2048
9044
23
8192
70
8814
31
8375
1072
484
9072
8569
8685
127
2667
8398
121
26
9213
6993
1329
9116
2821
16
107
486
1691
12
183
9250
254
8190
9646
71
706
113
1023
37
8380
839
4095
19
1024
9319
9321
27
1570
109
8298
9430
9589
508
8546
63
60
39
9680
124
118
6225
108
3462
9961
9949
249
219
50
8924
8494
2124
8391
15
9278
9
5
53
8402
608
265
8369
2047
3778
61
20
8689
9248
87
8348
256
8469
95
9001
101
102
8331
106
67
81
9669
284
44
99
9860
511
43
76
9380
847
9978
66
78
86
7
57
8235
8575
21
40
9617
9383
122
9243
812
97
9860
8993
8472
38
25
32
85
49
112
1324
64
104
9075
798
613
805
115
255
111
52
110
89
34
9435
8885
8951
8943
120
9298
47
192
4
13
33
9225
9239
5458
68
2046
56
9868
35
17
114
9490
14
82
8226
128
1994
8492
4292
46
8603
2152
9150
74
29
8792
77
9773
119
6
8941
8729
84
4094
9351
3087
45
8754
8926
55
7032
1
96
105
289
8962
4096
9606
54
132
10
10000
8472
3036
48
80
1272
9272
24
28
75
8329
374
72
2006
8649
8191
9838
91
445
83
126
88
51
9483
11
8482
165
9196
8854
476
2085
59
9950
326
58
9454
9178
8
9394
4432
9823
42
123
9504
9341
9469
9888
41
9095
1022
9153
100
9617
94
18
159
144
3808
512
170
117
