100
3 26000000 11000000 6000000
3 10 1 11
3 19462171 19462171 64862262
3 95649305 35708688 35708688
2 95515058 8111508
3 66222105 25149734 25149734
2 31522354 66980160
2 23596325 89571907
2 70708954 22364520
2 30679157 94002313
2 33182079 93248038
3 15999055 75653492 75653492
2 48699835 42719967
3 15013619 22568406 15013619
2 10252028 11128286
3 6207331 6207331 12134775
3 88509827 49392609 49392609
2 14664643 13161788
2 34358210 32541773
2 72308191 42345844
3 36395205 36395205 25383575
3 47025061 81730403 81730403
3 15154423 90926538 90926538
3 99992400 99992400 33330800
2 37612542 75225084
3 43509200 43509200 87018400
3 81922470 81922470 40961235
3 78203928 19550982 19550982
3 24078578 48157156 24078578
3 41669469 13889823 41669469
3 79212420 13202070 13202070
3 33132454 99397362 99397362
2 75258088 56443566
3 33530530 33530530 50295795
3 84447804 77410487 77410487
3 83366636 62524977 83366636
2 96518019 89093556
3 95103636 87178333 87178333
2 60314736 50262280
2 46840062 70260093
2 55560510 53708493
3 26673976 20005482 20005482
3 2867 695 694
3 748 49787 49786
3 1772 247901 748
3 32386355 5796979 19778683
3 8393351 2741501 13224176
3 82778815 48234285 97155000
3 642569 43945361 7996565
3 34005992 68645102 7201148
3 5704127 32597110 20037160
3 26910537 44767257 4642782
3 18685997 47983083 64596722
3 14534319 44934979 83341729
3 2510601 6425292 204765
3 401666 36805514 21038945
3 4896580 12809992 11507444
3 32984949 13959774 50996949
3 6195960 24186284 15573980
3 182800 7995255 21966170
3 20514404 22650521 2997606
3 1334163 4026537 2542742
3 17487006 14748 7788372
3 12769912 968869 16133536
3 64672320 8564800 33734000
3 53624231 30360529 19073770
3 48455496 7324964 61845352
3 21569280 34867712 44516160
3 79016328 19181640 39407208
3 12045369 24726477 21448785
3 10299958 3501376 21078481
3 86659118 61848150 27991730
3 6479686 10331686 11771478
3 39897770 5074608 45521014
3 211800 343968 535224
3 7210042 24525154 13510513
3 1029765 3472425 2616405
3 29203798 15537117 4223297
3 26312709 4770419 16146809
3 48435534 30084390 71638245
3 15155408 33615816 29319316
3 36528906 20337182 48182822
3 38472030 300715 31710366
3 39394987 67103134 55947649
3 42978230 45934358 89700009
3 9860039 28971303 67385047
3 19673623 5225665 11795307
3 354493 14934257 14773783
3 70586899 46807791 75148935
3 74189787 35784777 69371400
3 14429375 2689052 67387329
3 25274952 34000240 17506984
3 7884496 80784236 40388628
3 29067996 24448928 18935396
3 1740275 4386681 2757709
3 29180056 37567840 7770604
3 2967150 3517394 4228
3 22103892 41916168 22931856
3 13560408 14706330 14853294
3 34950940 5871525 61969660
