100
3 26000000 11000000 6000000
3 1 11 10
3 99825955 99825955 48456831
3 16595331 35656389 16595331
3 20818007 20818007 72956396
3 95321503 5426690 95321503
2 46944621 97612648
3 71188984 71188984 35334251
2 94849982 42693180
3 15661497 15661497 38449366
2 15331231 76535104
3 34981081 82887036 34981081
2 31171177 62073870
2 39363644 29648683
3 12060722 12060722 14122820
2 11717552 10451026
2 43712175 42691384
3 35729039 35729039 24492905
3 93687609 93687609 47554588
2 61229048 31621147
2 57860849 40836930
3 36222353 42025981 36222353
2 39590128 19795064
2 7163878 93130414
2 83053980 41526990
2 80832050 40416025
2 90408521 12915503
2 43868781 87737562
2 92379428 5434084
3 97515018 16252503 16252503
3 30781178 30781178 61562356
2 17818985 53456955
2 70244725 84293670
2 78548190 94257828
3 84113676 83461632 84113676
2 51613770 34409180
3 45075642 22537821 45075642
3 77789754 90754713 77789754
3 45036129 30024086 45036129
2 35627564 53441346
3 45676467 60901956 60901956
2 61257665 73509198
3 1813 1812 3917
3 9603 49898 49899
3 10627 9603 233236
3 9932946 2062604 44198692
3 25365761 16171186 8304799
3 6556489 10033702 1090573
3 11924397 568332 7927992
3 82345900 94940300 37774100
3 60592784 20794720 82576430
3 83256677 47234735 52306695
3 46615980 48382551 76788744
3 36625875 9240990 85730843
3 46809104 78893440 95982000
3 2969754 6116272 482290
3 23439142 86415165 56019366
3 10954053 46005573 4449093
3 28569810 54778824 34026104
3 44389720 17205892 44499529
3 36193582 74617752 43282574
3 36764195 36152165 9604255
3 55854162 96766254 422604
3 5531358 50307981 34127670
3 7882024 27087604 40994692
3 42760960 56756914 75401575
3 52806420 83222692 21797028
3 9515821 77347246 4797418
3 11091505 11458597 36641788
3 1752128 19484318 16956758
3 16453897 48755987 43433441
3 22722297 1433469 36292205
3 32995 959367 1602535
3 28775204 56043213 4594908
3 64634156 80216204 79287102
3 6900024 1959224 46208
3 4817880 9763740 16870680
3 4317900 4323820 7151360
3 8242457 55743764 18985667
3 3157288 2030000 2638536
3 8265769 11872861 15577639
3 36191769 13687197 7124983
3 38115230 52634030 299750
3 6218907 4919047 2006207
3 32194228 52161422 92537241
3 26622680 16270037 6610926
3 49181789 11695325 32277981
3 24076758 63409596 21116352
3 43931599 59178758 18366342
3 11920427 527814 1960944
3 28175130 10246410 19467180
3 16425636 1591386 19819986
3 38514198 17278408 20090418
3 56340481 61163662 21156376
3 11562911 4219487 23928587
3 998249 20911555 24681636
3 8120418 45000147 5248710
3 28154537 36378511 13671915
3 14244596 4131031 3557451
3 17018155 79828944 428609
