27
15
15
9 4
14 0
13 2
2 14
1 10
11 9
12 13
4 5
8 3
10 6
0 1
7 12
6 8
3 11
5 7
9
8
1 8
8 6
4 2
2 3
6 4
0 7
3 5
7 1
12
11
4 9
2 9
6 9
0 9
11 9
8 9
10 9
1 9
5 9
3 9
7 9
2
1
0 1
10
5
3 6
9 1
4 8
0 7
2 5
4
6
2 3
2 0
0 3
0 1
1 3
2 1
4
6
2 3
2 1
1 0
3 0
1 3
2 0
9
7
2 6
6 0
0 7
3 4
5 4
8 4
1 4
15
14
5 11
11 6
0 14
1 13
2 3
3 1
6 12
9 10
10 2
8 5
13 8
14 9
12 0
7 4
908
4
426 656
204 834
436 876
112 526
10
7
6 8
4 3
8 9
5 8
7 9
0 4
3 8
12
14
7 9
9 2
2 7
3 5
1 3
1 5
5 8
8 5
0 4
6 10
6 11
4 0
10 4
11 4
8
15
6 3
5 2
0 6
0 2
7 5
4 5
7 0
5 2
0 3
0 3
5 7
4 0
5 6
2 7
6 3
2
5
1 0
1 0
1 0
1 0
0 1
3
13
2 0
0 1
1 0
1 2
2 1
0 2
1 0
0 2
2 1
2 0
1 2
0 2
2 1
4
15
3 0
0 1
3 0
1 2
0 2
0 1
1 3
2 3
1 0
3 0
2 3
0 2
2 3
2 0
2 3
5
15
3 2
1 4
0 3
1 3
0 1
2 4
3 1
0 4
2 4
3 0
2 4
0 4
1 3
0 3
4 3
6
15
5 4
5 0
0 5
2 0
4 2
5 4
0 4
4 5
1 2
4 3
4 5
5 4
3 5
5 2
5 4
7
15
5 1
6 3
6 5
5 4
4 5
4 5
6 4
5 2
6 1
2 1
3 4
0 1
0 1
4 1
4 2
8
15
3 0
5 7
7 3
5 3
3 6
7 4
3 0
6 2
3 5
5 1
3 5
2 1
1 7
6 4
5 7
9
15
6 2
1 5
0 8
7 4
0 3
6 7
2 4
8 0
7 5
3 7
8 2
6 3
2 3
6 1
2 8
10
15
6 2
6 1
9 4
9 1
9 2
3 6
2 6
9 3
4 1
7 0
7 1
8 1
5 7
1 3
5 8
11
15
2 4
7 10
0 5
3 2
9 5
7 10
7 4
4 1
1 4
2 1
6 3
6 9
7 8
5 7
2 1
12
15
9 2
11 7
5 8
5 10
2 8
5 4
3 9
4 9
5 9
4 11
6 5
11 9
4 3
2 7
6 0
13
15
3 0
9 12
0 1
1 7
7 9
12 4
0 9
3 0
6 3
2 8
0 10
9 12
2 11
7 8
2 6
14
15
1 0
5 7
1 12
13 9
4 5
2 0
7 13
10 2
9 12
3 13
1 8
4 6
1 4
0 11
9 11
15
15
5 11
12 2
8 6
2 3
0 14
9 3
8 6
4 8
14 6
0 14
3 6
0 5
1 7
7 4
4 8
