100
1 1
3 2 10
1 2
1 5 3 1 5 2
1 1
1 1 0
3 3
1 1 0 1 1 0 1 1 0
1 1 0 1 1 0 1 1 0
1 1 0 1 1 0 1 1 0
2 2
1 1 0 10 1 6
10 1 0 1 10 10
2 2
10 1 0 1 10 5
1 10 10 10 1 0
2 2
9 3 1 10 7 17
5 6 19 2 1 15
2 3
5 3 16 2 7 14 10 6 20
2 9 14 2 2 11 4 2 12
1 1
1 1 4
2 2
2 10 2 10 6 10
8 7 10 4 3 2
1 2
9 4 10 5 5 5
1 3
4 6 16 9 7 19 1 2 11
1 3
3 3 1 8 6 12 2 5 18
1 2
1 4 16 2 7 19
1 3
6 6 4 5 2 19 10 7 6
1 1
7 7 13
1 1
5 7 14
3 2
7 1 8 9 1 3
3 2 7 10 4 10
7 7 7 7 2 4
1 1
1 7 7
3 1
9 8 3
4 4 1
8 10 19
1 3
4 9 10 1 7 12 6 9 15
1 1
2 10 20
1 3
2 7 16 10 3 18 3 5 14
2 2
9 5 13 3 1 18
5 8 7 3 3 7
1 2
4 6 6 5 1 14
3 1
1 2 6
10 5 4
8 4 18
1 2
5 8 13 10 8 17
2 3
2 2 17 9 6 17 7 9 1
4 4 6 1 1 6 6 1 20
3 1
1 3 16
6 10 2
4 4 11
3 2
8 5 19 6 6 2
5 6 18 1 4 8
1 9 1 9 9 1
1 2
6 5 14 5 5 6
1 1
3 3 5
1 3
4 6 20 4 3 4 4 8 1
3 1
6 2 16
5 4 19
4 7 18
2 1
6 5 8
9 10 12
2 2
2 7 19 9 1 11
5 4 6 4 9 20
1 1
9 5 9
2 1
9 10 3
6 6 8
1 3
4 1 6 3 6 10 3 4 2
2 1
4 7 20
2 5 20
1 2
4 1 15 1 4 15
1 3
2 2 19 1 2 20 5 7 15
2 1
2 3 7
10 7 13
2 1
9 9 8
2 3 7
1 3
3 6 1 4 2 12 10 2 17
2 1
5 4 1
3 6 2
1 1
3 2 9
2 3
9 5 11 6 4 9 10 5 8
7 8 2 3 1 9 6 6 20
3 1
9 6 4
7 10 19
7 2 14
3 2
1 6 15 1 5 1
1 2 15 1 3 9
8 9 16 9 4 8
1 2
10 1 4 9 1 9
1 2
2 9 18 10 6 1
1 1
5 8 7
2 2
1 8 13 2 10 6
6 10 18 6 8 8
1 1
1 8 11
2 1
9 9 3
4 8 15
3 2
2 1 4 9 3 1
9 9 8 7 10 5
9 3 14 4 10 15
2 2
1 5 4 9 7 2
1 7 20 6 10 19
2 2
10 1 2 5 1 6
5 2 4 4 8 15
1 3
8 7 7 3 2 18 10 3 4
1 1
3 3 1
3 1
4 3 19
6 10 11
6 10 11
3 1
7 6 14
2 1 15
8 4 12
2 1
2 4 10
1 8 2
1 2
8 7 16 2 10 8
1 2
4 5 12 2 2 4
1 3
2 10 5 5 6 10 8 10 12
1 1
4 7 18
3 3
7 10 11 7 10 20 10 8 9
7 9 20 6 2 14 9 5 8
2 9 7 6 3 4 6 2 13
2 1
7 7 1
4 3 11
1 1
6 1 20
1 2
8 2 19 6 8 19
1 1
7 3 12
1 1
10 2 17
1 1
9 3 15
1 1
5 1 9
1 2
1 6 12 5 4 18
2 2
8 10 10 8 7 3
9 4 4 10 1 2
1 1
8 7 6
1 1
10 9 9
1 1
6 7 2
2 2
2 4 12 2 6 9
3 10 4 2 7 3
3 2
1 6 20 5 7 5
9 6 16 2 3 14
9 2 2 8 9 11
1 3
1 10 6 4 3 11 4 5 2
1 2
7 6 9 2 9 16
3 1
3 5 12
7 5 7
4 8 12
2 2
8 7 13 1 4 12
3 6 13 8 9 18
3 2
10 2 12 2 10 10
2 1 20 9 3 4
1 10 19 9 5 8
1 2
10 4 14 5 5 9
3 3
8 9 14 2 7 4 9 8 7
3 1 7 4 2 9 3 3 2
8 3 13 8 3 9 6 5 13
1 1
1 9 17
3 1
10 8 7
5 9 13
1 10 13
1 3
7 2 3 5 5 17 4 9 9
1 2
7 8 3 9 6 5
1 3
7 3 11 1 3 9 9 4 6
2 3
6 9 7 8 9 16 2 7 17
5 2 3 3 7 13 1 3 10
1 1
5 3 17
2 1
1 9 9
2 2 4
1 3
10 10 9 8 5 7 6 5 17
1 2
1 6 6 9 2 7
