4
3
7 2
20 3
0 11
2
6 5
6 3
4
5 3
2 1
9 4
7 2
200
418 825
404 844
366 712
408 6
322 381
328 488
327 19
290 590
289 304
335 320
240 959
324 481
386 620
399 605
307 324
359 621
349 664
298 311
263 713
241 790
308 116
247 436
336 288
287 989
326 410
282 872
269 203
330 693
422 200
343 32
252 611
404 192
385 942
271 802
397 234
390 1000
290 886
342 873
393 592
399 397
281 919
280 273
302 770
282 902
284 216
284 971
345 36
419 254
362 456
360 774
415 867
273 869
349 547
332 41
404 544
251 263
280 782
405 470
299 401
306 661
391 500
318 953
337 477
376 179
253 75
261 171
264 818
416 433
375 337
386 341
311 995
332 975
399 241
407 999
415 727
317 405
263 285
347 325
288 519
325 67
391 34
403 682
310 354
316 130
282 767
349 101
345 84
321 7
249 636
370 554
397 901
375 550
320 811
290 485
412 289
262 260
342 479
255 160
410 177
255 973
326 669
301 536
420 346
419 936
401 43
277 411
278 27
332 918
354 224
292 851
396 652
303 99
257 3
265 866
332 812
304 857
340 895
394 757
400 5
399 808
368 663
234 765
375 449
246 874
341 924
247 353
353 383
272 247
331 964
333 541
325 982
274 616
333 194
373 928
375 501
395 489
272 849
330 848
256 894
353 937
366 457
256 545
409 853
256 214
303 718
309 846
271 249
315 598
245 884
336 309
379 932
403 424
325 865
366 475
402 710
303 795
381 645
309 480
375 453
407 60
336 931
320 129
267 920
408 922
272 363
292 699
287 422
248 404
279 338
352 878
396 533
379 907
410 717
340 31
416 455
372 386
300 638
382 698
339 272
410 374
249 615
357 426
339 539
395 594
322 935
416 619
392 623
360 135
350 511
335 637
272 143
332 627
257 535
246 570
399 559
274 561
390 841
374 793
238 708
413 474