147
2 1 1
1 2
1000000000 100 296397524
119175131 308225022
604607769 187856889
532505328 214374793
486013129 292976947
402830854 405768885
39226496 631405322
668814127 93763778
274460369 256013209
183180576 436514217
9111327 570845497
119456696 465898628
309618130 509689669
276177899 180886705
70284154 532434474
199884138 372745101
32258860 316019172
259580247 409494206
296890939 66356616
334329425 425630428
370136520 81110950
273182235 141081478
283183641 583695057
11854214 553220752
489633614 61361490
88282073 315912815
573993951 5399493
95975066 845678371
111619112 866856244
603160285 127060639
59432162 808106383
590429169 190565521
755723019 53323345
169171132 723412833
419303259 482367051
605322058 367454934
162041894 626867729
739010813 197968285
319797721 648754417
125741031 748991538
54308225 41199947
117346069 323721981
347290847 145353395
481139213 34655978
147434825 574513687
143271749 304541271
193717962 355165193
622639300 320785130
340317527 269885911
158758808 422002667
260506213 666352927
345481555 173754881
328777325 283583398
181987031 700245786
360719805 417193830
262921329 74453004
602206884 321265598
168279699 668725596
41872851 358537699
158137863 528175557
524993490 266518111
389948300 361735482
412330489 258383869
650303330 262374517
154073735 195446148
820375881 19766063
801621282 195139632
13178091 114510051
626347149 308004470
176445606 369479932
211570031 101506700
271522659 148302144
219593160 687163498
274682768 354828861
595911480 67893456
51539182 35305024
777990863 17663453
17232832 18528946
9354147 705126766
473760215 5133614
277303504 594427862
802904002 72055188
284980411 443700437
473680239 153520506
143028423 225313078
83618151 563759668
744497122 41142677
199698405 451062256
538008874 223710873
543380645 388490208
211548155 311337806
83756505 782615133
561258719 218728608
241935685 280950529
470344042 163334597
8844728 835163687
783159372 97489458
563699815 14153546
367077431 208790590
634048598 202303884
804909606 37009465
283089791 35 161962697
69890583 132502580
35386120 131488649
89199258 25657338
6506576 220789232
14185058 123001277
31502979 210974904
103597007 88361966
51329516 98395454
166388974 83763973
145090836 29380888
46734369 161344779
188191831 34714434
83806393 109041472
31694233 225000755
230354430 28576744
78373818 141453376
11343408 223335975
74298843 194809967
25621291 173509939
178156718 85006352
58218714 142502124
47176535 234383528
78141796 154321370
76995634 86843758
104617296 9939773
172592831 71095149
71642449 102389421
136506704 80477319
109603137 168502612
199500386 14733745
15323758 85465804
142452602 92812844
16022074 129485310
112782846 58008088
73367047 119308723
24 3 2
9 8
13 8
17 8
24 1 7
9 8
24 3 1
9 8
13 8
3 10
1000000000 100 727223861
333044457 103682492
337683403 388889435
309846926 488991118
100227886 411872619
152577628 582547199
386671924 147792495
253086628 235253391
411661300 449125568
632627934 123536153
299037910 525748530
269360970 524094920
535684558 200176289
621992180 118953584
157068655 239892763
105774745 888915107
53040350 37062904
3901446 303845677
575353624 36331100
98185110 163583707
557629957 88840088
307056524 624502791
3830164 729658153
577640626 116306437
16790789 428824880
838814743 110569649
65441411 65606870
190840834 588332761
65657212 471182975
298907318 307031487
708600042 253866871
848934022 114907753
612704936 228483409
99192715 843840391
630224493 218186793
184295580 307422257
209472417 668308611
419868145 166658473
106318627 241046447
479166093 394685957
425403764 471972638
375683243 372369755
211710749 456709357
490693557 92007982
348531924 255748179
460859665 55339680
16277498 705370164
250033111 493856790
559803558 277812980
176341586 105518112
295966001 318026234
727012972 152917202
492614639 502642638
122516463 519573316
417883087 31411179
141277425 88844894
466895146 311757307
115774708 125125361
61304212 71411559
632144351 19363326
434570166 528183947
50072914 818172264
684226606 17030124
221696981 772879907
295480986 270158183
242688685 751602566
35698946 93374216
453812324 89625427
262381032 528254633
92206999 464517208
315385054 530324303
501796151 113372377
303259892 245326449
47755918 275140664
451000382 402799409
241481715 13003131
518796338 379490486
573823587 258998311
87593133 517481862
63431878 896913384
220162754 646450718
613112724 176084941
282998607 266170225
456131845 187953985
358932194 343521545
927533912 61012076
384066332 375549026
809589894 40972195
435046927 477168531
349968467 356851475
101898885 380429079
25282546 647026651
223131079 596724232
780310005 23232684
531703742 431455844
204020262 86036993
291271771 321842483
276838651 367988478
263503135 362915116
79648795 871325120
730083516 257864768
1000000000 100 408014156
139620665 510776524
169518181 811756553
3684054 139618397
276722324 466863336
534963403 351157549
99160198 582694833
124387544 210179786
310294626 520395597
49650500 584012238
122994804 616034049
26913754 759747621
79358040 32190286
470835752 31189642
190237191 612580187
527790569 1942099
263990152 222828737
70541164 251231801
248912972 199307063
123468690 735619837
249639990 625940002
347341091 277550914
158183604 50852830
24098608 629394314
874338213 841244
275083566 590937854
573693669 91028901
442407187 241614669
646268534 154665934
516241208 262995579
38219005 878570924
247505143 263617512
71629071 435056913
331699362 7443921
48958123 264190516
559893732 207941962
6595712 272635286
192211769 61673713
41236726 87969517
198323012 674253560
192771375 798541665
234056954 667150895
484893282 84974036
159756864 231873064
271694555 656381763
344554698 537835484
266934498 475371224
408008532 194345865
179939671 530687443
412789166 446936544
498233759 31461607
134393458 363066305
73700565 600907672
335042430 608280973
461989214 172023083
276904132 564105687
312087965 87724166
76480495 535815471
743411931 24121802
386407855 254719575
299566653 19223090
654976918 269661535
824067086 25172773
204651300 218474286
360443122 538446727
46216829 125673006
349567824 428845337
142598658 24543870
568741016 410374865
49201676 347362767
69291206 145857156
167860064 771827443
297983651 272020822
281651755 607052228
100608869 78980579
13938832 498510926
474305441 164063138
157652765 715698925
72552836 196708318
24137818 322961323
452511056 355092299
57200034 750567661
791081240 12833301
961900033 35799660
527040679 23265669
342106416 183919720
68559607 505482058
684286399 151423493
541306856 2963860
738302851 140184666
841770266 138969889
21480272 194542916
743489631 54718525
626915143 107262200
263815560 481336088
222955787 79364882
580920722 241145614
126528950 371417243
672849 895485497
409408861 45873944
293374252 353341036
24 2 11
9 8
13 8
1000000000 100 499999900
2 999999998
2 999999998
2 999999998
2 999999998
2 999999998
2 999999998
2 999999998
2 999999998
2 999999998
2 999999998
2 999999998
2 999999998
2 999999998
2 999999998
2 999999998
2 999999998
2 999999998
2 999999998
2 999999998
2 999999998
2 999999998
2 999999998
2 999999998
2 999999998
2 999999998
2 999999998
2 999999998
2 999999998
2 999999998
2 999999998
2 999999998
2 999999998
2 999999998
2 999999998
2 999999998
2 999999998
2 999999998
2 999999998
2 999999998
2 999999998
2 999999998
2 999999998
2 999999998
2 999999998
2 999999998
2 999999998
2 999999998
2 999999998
2 999999998
2 999999998
2 999999998
2 999999998
2 999999998
2 999999998
2 999999998
2 999999998
2 999999998
2 999999998
2 999999998
2 999999998
2 999999998
2 999999998
2 999999998
2 999999998
2 999999998
2 999999998
2 999999998
2 999999998
2 999999998
2 999999998
2 999999998
2 999999998
2 999999998
2 999999998
2 999999998
2 999999998
2 999999998
2 999999998
2 999999998
2 999999998
2 999999998
2 999999998
2 999999998
2 999999998
2 999999998
2 999999998
2 999999998
2 999999998
2 999999998
2 999999998
2 999999998
2 999999998
2 999999998
2 999999998
2 999999998
2 999999998
2 999999998
2 999999998
2 999999998
2 999999998
24 2 9
9 8
13 8
24 2 18
9 8
13 8
24 3 18
9 8
13 8
17 8
24 3 13
9 8
13 8
3 10
1000000000 100 665151010
101182278 350629442
282404744 125289714
246979128 444919159
395278945 486950960
527900736 260579693
602268002 118078041
604271549 278978016
83811857 228640883
477620051 323341701
35816642 348072117
819832690 162023926
257203070 364807567
640098847 10416480
37607017 287055158
216452940 73666795
400399887 315029089
66021350 684616998
202996734 624796712
98593627 308385967
797463645 25618588
131345691 471984002
702976462 42822611
240341670 180574933
332450748 329364804
515321853 177682180
8616298 193192221
332623797 251365521
348004066 477696090
111272617 429679592
34787467 279078354
53017361 647579948
27868893 470944031
102256731 670080511
228643930 56733459
271753583 523083161
107713341 455141820
626266176 139010023
85517790 704984996
524100663 202559526
12101037 405828316
21248974 62801197
30735082 718601030
381483540 5409419
20812548 200949510
643157988 140836930
511521374 322541320
94166781 527969535
401895290 462360065
4158649 30905490
66851747 289916307
688989900 288360663
240243871 503620823
396490735 542689673
22711296 324230164
3201091 170721382
918723983 69583858
107342816 124119812
619914286 307984450
534143016 166195641
152562083 791279528
439558743 197920817
223100138 514014862
308163361 73261502
10974316 477282331
65674444 552119564
654482653 307739026
508617288 327106732
34927255 296912814
15064859 902612972
480822930 346046183
293026037 145272821
600129372 310793839
335411259 104470199
372363536 445284489
293585509 59263028
370047962 413765329
45225062 530380775
234591500 495341181
906299014 21556043
115591325 645380411
486045084 251830313
133535231 570724754
120027530 866659403
240422105 90399543
330920089 181598783
85359015 379858752
53472080 822851508
347125104 414154138
75484928 913158149
491495475 102187364
578819839 180606355
661434396 318496117
639685751 296202885
115685320 707284581
47048974 246927718
485876632 113392816
653527158 302896276
87903199 510219360
32738787 426265602
333399117 568031867
24 3 22
9 8
13 8
17 8
24 3 10
9 8
13 8
17 8
1000000000 100 244976240
457357748 102364008
64714908 641910091
117340093 387250611
459785695 125938459
197755085 440481278
838005208 154381380
384933708 179672475
430811772 474029298
179072490 348792986
335910549 350970191
470821212 981123
89264865 456858378
35410092 723005749
170585684 475070852
371623754 238660356
48436346 85902628
13046513 971125658
678701468 113099
512821646 18921058
864872140 78887655
467695160 118575173
340647301 170094594
161315837 280789559
145107034 485228377
149789799 626587925
831694954 7145502
220664499 287099385
228746522 677990470
305691842 47135660
163496357 381948415
854083410 83536392
223257709 683710289
669675416 293929325
98715701 697141936
239304222 692238747
181401030 154827737
134686582 50705306
775414719 45924521
56190347 88491571
364882391 141547503
208378567 539637715
743044140 161484854
579790635 126855665
174396561 34237877
676400258 258812396
319672429 87086837
552335397 320575345
262205655 11784518
680319297 278064884
26692655 181809937
308923766 595021523
48359326 826457463
124331125 463363073
376948705 185245375
341627405 469805049
664348058 84141510
193396895 435980129
781061370 130965791
58905423 501250252
151923928 144739399
224128283 124951069
76775119 305231575
297863406 481518348
657920657 297104411
86350108 297232219
73529534 549071370
31353821 958884725
36013896 119302200
424361777 335362090
242433714 589364722
514592512 390269846
113558257 360793447
591743545 191690799
240364147 177227329
11325556 835096117
11212536 770463132
756102583 214294806
429956208 397826627
415636708 15138915
211957983 41914179
392421923 468621698
682855054 136703310
553262215 409053715
806202959 4102570
424202917 24091742
849415539 94290028
120564538 39400184
78761297 627708165
258970093 690207093
582176690 311108588
178516502 776423118
208929112 583207922
236937509 39912400
191468748 174987808
484779665 345422302
587219019 235818628
813453519 111190136
140931459 458167385
93394498 5778158
225455867 18274770
2 1 2
2 1
24 1 14
9 8
1 1 1
1 1
1000000000 100 234134132
321934925 525662036
27968093 49850871
786648754 70718608
577198310 100562194
280322656 319042216
831431322 129270215
128357737 416181717
439980549 363497054
137685853 72442085
662480642 307537624
85293737 385086199
165905235 761582758
255361534 152414412
404290175 122661325
439194766 58247123
682032148 189046853
764001140 182871904
175787312 212546120
677731826 115530816
200402749 503465910
36223583 369779451
652915633 134968197
858538362 68851008
684511101 76328758
630311278 161347125
89719553 172367323
9904604 804729649
513272713 149944980
134551955 697076102
766652928 33343468
28463759 876065719
392398239 461928332
566885633 39266210
619123492 155528171
102668933 706286355
472310936 53822827
111979530 493207174
776829346 130990067
475463183 3185433
308771635 583333078
629317635 106896844
499900703 178204082
547841449 309116831
475878722 158517052
317588877 16189536
634479747 224258239
276211117 488857341
190813592 701534069
323255932 545626476
207591189 406509471
28478387 158232773
228370820 114010195
81953602 612601207
277858595 664392127
401795300 267761836
295673159 416877865
438219102 344194614
645017784 190362945
35412898 715516351
8787851 549141059
587304470 272286587
252849658 733261896
471750064 325697748
515485120 292323204
682993854 163488847
235179019 739279326
878218622 6992931
38011391 575085665
828724298 164605840
564870210 10632612
591172571 201748495
177118205 262949368
201648271 116598011
294753343 290745081
74145851 164919105
333746559 209357041
346458741 371664597
811797299 75426606
106195557 802068081
149107378 429325045
211492751 92615755
127894660 68478606
417743423 334137277
62477099 916434225
159220440 138650800
272710569 492286911
58321305 143519878
86909211 813653050
305628577 403935139
129672536 492045860
944351727 33093521
557563698 310101422
116942144 873299627
102040088 45596419
26354388 88641214
72332685 670843923
831045590 55170416
717516378 279384400
309400181 209308808
902600772 69825332
24 2 23
9 8
13 8
1000000000 100 93098398
610475776 119435018
806351055 89121493
881738417 115875293
314984603 404954737
706860893 63558981
754345915 10923199
381851786 480679560
812682822 11162218
639566412 81839599
310862677 26533260
732641365 244864063
452918692 90108356
125511304 318275629
307534678 516464855
443990710 237464447
427773911 146734461
487424974 441111456
776345676 21419481
693419780 262355417
9452463 274922943
329048150 621712432
154111450 634279997
333634801 260097625
125186020 59266669
186527436 15782001
424690407 470382747
431461212 348948258
366055644 419305340
38813345 640527222
280558421 201750428
79101653 183136435
652162087 877353
659707161 6414500
59552443 773253516
257693212 157852317
406673198 276944930
658603247 334170686
256929509 617570285
618991454 284125378
493054253 98472390
653060998 162686110
351768462 503669640
299338516 418348511
121993486 9128323
450549959 96186488
147452716 358585742
306785592 34414065
509716364 190379268
20426253 816307984
106486416 686182724
183198342 357261269
282916265 6767465
98951572 883828796
361543232 68391500
36783671 741981388
57634277 812932127
390086693 547071324
72287025 17693991
602998487 106346638
297664560 541372191
40636965 390301381
572390087 211874532
18512422 707517903
887052749 13361337
101559011 337633212
858588517 129185544
836330773 54769403
415194180 168026760
57416951 376167758
527580188 118605029
235984027 168090561
194423466 766458543
779446040 117141006
30601780 481763519
682618809 96058689
211846207 114445829
915900964 45321447
373720328 212818777
245168648 591145830
97443979 838857234
30655114 935723229
790014970 73858604
187752594 665401689
62517115 377945311
456040367 55030159
103915506 157802309
387574497 273331871
365775594 121464172
291075913 189764795
28336140 882689808
81011043 601568903
74081896 834659955
294052251 677809209
416676470 5953220
65839900 562393766
48038472 899864487
886812770 22989642
232814529 667359976
96786220 843598867
372850841 265789588
430486507 47 344867473
273935562 35054252
173468248 42323031
17477562 238127497
119964385 191466137
27222684 102197745
188748650 226052512
14791720 411929352
342813023 9113390
55767037 38837583
242336780 80319068
302036890 14028363
289019402 96912888
277623996 96713875
58646640 168037634
187789502 29703059
229548720 175831698
373456815 9712670
34755122 303876853
152790761 112483954
45186529 271940106
2912054 295785919
278743256 2952890
44795620 238446561
370422725 14201933
150478237 82873135
382893008 21173110
196661268 142887062
42930337 136115179
93078473 230307647
145121403 14606065
135715533 200647438
116878407 126866524
87172280 319626291
168913472 191735993
313737645 91591241
42244433 47996915
83705471 2336098
122851064 199604592
54919726 176890032
127427254 93481155
157090859 154466358
44712755 162819236
4725395 101572618
198963994 64483710
312751313 13524354
14440857 158624236
143074292 223992327
708406389 32 287712854
336839028 159489072
84211301 365674015
137944294 66083162
330746474 305015398
86364469 32394819
571131140 92639385
164771590 274394301
141304859 11629837
83260402 146333780
42163425 28245433
50986809 414982478
195461090 54081146
647745743 38536830
374970418 115898347
4024196 195150350
101679309 58519735
112634145 219743176
516198719 143151663
123962679 97777548
267608899 89325101
396209012 30257785
83365862 47014043
27105496 59760121
389978631 112704133
29529269 488239368
110910488 37239202
314807051 371782933
336077335 168833785
330564241 206106233
28710128 160116339
355505128 226240554
95683649 543777957
24 3 17
9 8
13 8
17 8
24 3 7
9 8
13 8
3 10
907857525 6 853308674
247321926 49571242
120969375 724075482
472692232 361203111
98176966 624309196
28417536 222820301
410451201 214368870
49437511 47 1900385
28163410 599849
5236521 37309198
33870496 6643191
11847948 26941607
5791564 2153746
345690 25459714
11396792 26692045
32473653 2100017
12747055 33829221
26578347 22303363
1339164 45611846
29079466 15597260
28915656 7060034
24352269 20695976
27217542 11676053
11882590 18755397
11087838 35115065
11113574 4225541
14062824 2359526
30142135 8324418
32211273 13356422
27479438 3172550
21990007 3016129
23823953 19231257
37203290 9300423
30735420 4494957
6636487 21925383
15941552 30671550
32453346 10778118
16807561 17299762
5943656 25070117
46726113 840859
11339000 30374791
12179435 11616074
37778482 7512489
16452357 32278362
21908499 19721962
12428912 14851130
1815726 3075014
517539 7799980
16745109 12938196
2626244 46598269
763620 1247360
33393733 4432232
18840033 6814056
9267966 33363852
9495823 35283995
24 3 22
9 8
13 8
3 10
24 1 23
9 8
24 3 19
9 8
13 8
17 8
24 2 8
9 8
13 8
24 3 9
9 8
13 8
3 10
1000000000 100 215785302
25762694 952226505
35259111 269920319
386102089 156157972
115933671 652787554
524894191 461845566
704355026 53918770
188717246 307113646
74292597 716636905
585163402 67561274
67910228 695825271
349490141 364057711
275296114 379891942
856254101 51421697
231450113 366204887
503817266 431012867
446184222 163295965
194381453 443245270
182474384 504774410
34558672 390275793
198251937 428064711
360276841 327428701
97391552 713335623
503134193 192028853
547111109 444773633
383776532 60655023
423812644 449673379
384848555 248795128
303258318 419298724
376085697 13090462
571628549 84601657
110128806 848580650
618863083 192720757
99231879 18699069
172993450 310067818
24448930 332775279
172406442 160165530
368660788 574110387
241753542 178277508
59345416 171339642
264364243 12278506
409443430 73088409
602754455 5951820
390951808 139644116
289277405 406164691
693226103 244650606
244178286 337861618
128626947 749207712
473656688 383064479
89207214 827329169
677122662 239524061
615716328 354782331
121376592 826022903
177284060 564166008
190479636 649759435
284702615 25527200
653088845 44355974
619369073 248549440
248500656 240041386
137549788 483295262
625482471 255287789
39830022 421681309
20050352 319807336
468114093 395775014
690106725 39576122
181267420 531530126
179165195 771068701
653733081 301451865
82189256 698132229
218100809 295806851
77197401 684879472
573728030 30242722
608302702 42336172
143096204 847154593
938161526 51717923
400219557 169339775
285222794 212443786
161502417 116487551
154749526 442865767
533400769 276482936
134583259 852842260
260305355 717732651
376506687 453745165
460255461 148015308
14380844 873921655
768148809 29672057
103708464 198063706
325296853 438491221
227793306 53475694
347640526 299338196
140704383 776796378
421920036 57819856
774421651 123656842
628843428 5928947
103314464 107962439
47244612 622240619
215953442 503530542
552296764 70733110
59381789 587823190
773355874 186945928
167144978 644990501
2 1 1
1 1
24 1 17
9 8
24 3 11
9 8
13 8
17 8
24 1 20
9 8
24 3 14
9 8
13 8
3 10
24 1 22
9 8
1000000000 1 1000000000
1 1000000000
24 3 9
9 8
13 8
17 8
1000000000 100 72654672
73308310 230917877
476785518 270337933
27596764 265532978
76613165 384457081
716287565 211826233
605941639 71856352
424518617 117383650
357590436 489864403
76629941 106500019
480166756 79468546
131894631 150155681
481541585 419791206
415012909 479612047
205213432 491991696
285818213 85427794
803857486 101093948
80228280 426526258
331636952 426909775
152789992 31889428
195547001 263205436
21343235 53673655
333569945 136466833
671703281 198392945
147329423 551745281
267626380 638422636
99276412 563056182
387155199 180093685
184743437 398226256
595108372 376587793
689931821 139399844
129564630 579000119
40937314 185238798
574306583 55931947
171213559 808210380
74898136 752003808
185347877 446755982
529041779 162509351
154314218 151929058
568041039 391087646
213367970 210207174
340325678 612803977
95938701 520756963
322460869 504214035
408159740 519291984
232778034 72368545
372315347 558575016
60848016 484206946
839285107 107074106
216226790 39934695
111576834 255211506
388407745 420213021
198810904 556933913
446787460 281048340
91398966 453195903
127403868 813604417
190016688 479321899
284968236 103772776
733458024 81882679
81900204 214388072
221149693 419269597
410654753 497654074
99948078 762049702
832113685 96371671
385783634 333984823
73350033 47757572
171593869 430477857
486410769 221602681
407429035 453398946
48424236 258891961
411463061 142996283
58227314 182047002
601036398 315181861
6183208 308818985
426254778 192440440
523926238 186345262
174029083 82391591
438723862 107085438
745870005 33641805
307304344 146958395
466679519 153142592
157069923 206831826
437160045 103565432
233686774 709795543
936603369 29776251
46448232 341708700
449887885 306149541
620836187 169338112
292141882 274940874
87270833 135782856
739517230 145208812
354992328 43201051
256969844 715416336
429359969 533671476
286610157 27952726
196179520 348714897
376543398 472556622
19307973 449991184
104801540 739134795
137967287 727758771
108479371 616258308
24 2 21
9 8
13 8
1000000000 100 846386132
156492682 518735710
602476261 253820217
117769804 312736340
475053090 508961766
205408894 140434085
715177286 222562449
303143332 24605461
912071429 55481483
785509500 161266616
252812071 161891116
386106512 231669589
618899591 180069227
1908413 873219106
162513090 193599187
550671857 62000084
601739181 245099724
50243288 694254576
198418555 183396
183264040 456432669
191924813 659149219
384968899 207183994
297415878 202510292
70292175 253394708
520678934 451652526
53028238 32444964
75306151 671654280
183278334 466067742
210717676 175785240
229612512 387106070
90522554 808517103
497115725 279508421
118703538 187773564
640304341 278321143
433259034 247988962
293189459 291624614
137199027 462771662
16274974 763744195
136547152 190981623
624360530 116405375
544105606 228606005
574371067 128387532
569733325 23085527
575168438 201911758
143612071 49532920
492229350 403777706
150479504 318321005
140226458 739787335
891536311 35033199
740053296 241147557
477258551 453705582
704632169 206523444
176538514 71124275
222356091 478212532
58384560 382588996
46777787 701121139
485930740 78467342
269787621 668479398
213742695 451404145
194322124 439233178
18967196 651480480
463588312 88622623
98599368 355974984
248761699 322575097
671903192 56896952
52257691 339348161
32096815 30717006
205887394 496725667
83543210 542619407
58578703 298226289
274668943 258115697
91500756 412344040
502146645 189835781
337718957 588723864
51035381 222385329
738467921 237079586
226892966 671623850
31893047 370054382
764430869 156651102
493016654 63783097
67196060 35974808
133270164 201411325
317327940 66921309
477322453 125691851
98262955 212770304
735206973 157184938
202784928 553227742
146982103 845451888
531603081 127081131
48376543 909488510
127438935 451303349
283189831 524561772
89771596 14417311
24803577 935494505
615437062 191885849
28788341 562382501
18476824 756300626
41611457 863824651
57152948 531191228
90908350 447357658
375301798 460014285
24 3 16
9 8
13 8
17 8
24 1 12
9 8
24 2 5
9 8
13 8
24 3 15
9 8
13 8
17 8
24 3 3
9 8
13 8
3 10
24 3 19
9 8
13 8
3 10
24 3 24
9 8
13 8
17 8
24 1 11
9 8
24 2 12
9 8
13 8
24 1 18
9 8
24 1 21
9 8
273839790 65 65541735
97587228 162489498
21153793 67904307
64784773 141562426
108210116 145664762
86337707 123899246
160569109 59978220
124238292 107886393
122611417 123813121
221757803 29334889
112146933 154501713
190065144 65851749
80379336 70440190
22731416 47777030
166504369 33502308
32002334 66312156
245941313 3436916
117039129 47267126
10008769 207424422
22738550 121706332
175724836 17133267
133773107 45174849
2657111 240624578
89128493 78717655
37271115 62611689
252242086 8715404
88491867 81585930
60697413 91105328
133893305 102621631
238584854 18633061
179952656 42737739
212230489 4922230
23716566 139622212
67210672 145072632
93207228 169351754
97082984 64621971
77587904 55076491
4095200 173244525
187981522 32280937
31814350 42268943
181828533 19016712
10505030 160643587
40420138 89313550
121865137 21640007
33972200 223570925
36515288 40981906
62383069 195038238
117491752 130791199
54976215 204360626
21957204 61751843
70825629 119889688
68199717 7253229
188943059 33661309
238545722 19586305
93544507 123428447
104172297 3809224
59518488 31614187
215558181 5893847
177631575 83975498
118952508 139443218
166656336 98084639
104482745 167680696
66415606 79500411
178114526 2797734
121634017 131293152
107089023 57231629
2 1 2
1 1
24 1 15
9 8
24 3 23
9 8
13 8
17 8
24 3 21
9 8
13 8
17 8
24 2 17
9 8
13 8
24 3 6
9 8
13 8
17 8
1000000000 100 403928984
96632408 220892447
659664530 12408059
218864061 90487895
298525431 294203899
575059945 279360796
340470322 532573229
404763800 161675557
855032771 83652431
392510912 326626132
270472467 398446603
48413630 491447884
353626513 103723920
407230001 72428907
96403105 114327861
513400968 170175264
405671916 101195821
812903636 186428755
313834489 146652337
46714765 102612808
577359913 266732819
795503320 189107504
82350667 407462781
91089866 456877811
233563780 319948628
225982436 202106083
487376545 334563760
217716796 137547778
322427055 364253642
809419467 16024425
549156527 416551664
682079203 284883978
270276094 83033321
225825842 475292859
329188959 296446431
161349791 342702694
34859039 26673590
184270074 723181731
317132007 188876739
396103528 259758176
416745869 459084177
13169594 61163025
180004338 521991470
83178040 152122992
169164205 708392630
67718503 607624454
351033182 75393474
447514636 105994388
273058869 378811455
665427440 91699678
202618352 566926792
186095200 377580845
291784576 128403101
938886003 15085526
38161296 508789056
54061264 601702905
461583947 422900348
394823191 89464468
846085523 112148183
36531136 697865759
114908174 776662228
105710194 532060154
13182470 661171330
518939491 121017294
258856894 460338029
636732493 32801150
434659327 534600485
94117867 202872752
74493084 735681716
597942232 299111605
483054989 468543406
513019534 241304110
220750371 119995127
313503547 283848241
787601426 93574039
930388013 21170285
401912871 431066989
102770554 548302707
462226776 176329957
623639081 84274878
328742295 263554719
331918628 566287404
26346356 458102458
142008343 716768428
458393598 499725875
678059086 128642382
716797278 82669537
3507830 996282514
325584889 81103169
274893435 529726360
239162985 240692151
195116660 594936015
333693048 137806890
461684436 370599673
323758670 496495591
219585646 445634649
223054726 281020484
873409113 64559673
46399823 410018162
549767580 367993815
987094402 10687320
24 2 4
9 8
13 8
1000000000 1 10
1 1000000000
24 2 19
9 8
13 8
1000000000 100 518586928
782582558 139327303
266063646 90185899
439202238 368554621
325427055 369728930
559140440 415227397
541691447 327633447
452582955 246524730
239312693 221804590
161764951 709448783
346321758 635429193
506945738 383120262
44603919 89211321
11555172 387927420
581360553 63518481
48602592 754372993
75790736 300870127
196888623 338231184
94679386 349126520
615972938 94408531
612742305 222920098
241106140 90657202
755112325 85934732
675208483 11981644
80819304 696063126
320669767 534768809
157425549 28781164
805521201 149054658
6683580 866511054
757774575 51499663
333057651 93666750
334288613 154459064
345418719 116993171
646214820 197702785
558853018 434493625
316666276 546070439
265556786 695322865
478879551 57915922
211580013 379454635
682857079 154630899
47824430 715002530
325802432 460835561
460582671 363932729
55548536 196290520
304608309 678359927
697992225 17093792
329569439 11017136
349172049 133930906
415046529 61544840
780820024 108464822
290649205 128637026
568088639 157688678
127851397 322267092
935458538 47510440
61750098 807092153
129839923 522692304
53185936 564132975
592324354 279197022
30907870 415752106
403332100 35288383
613428838 352175483
277541325 132910929
14243127 465615103
244301725 519912906
249944825 386941921
74879729 879713968
384798783 530182218
19880914 291753307
338703647 218520968
17686368 505752365
154024320 777318032
186228502 796241821
9149346 326683557
166061173 238062628
670043904 81856274
300408930 476105347
445708245 67676316
666803509 22046521
633933496 196992051
20910276 882838156
299967166 552667412
222472738 86787181
40063100 847891259
606629438 253771391
254830635 284837405
112749302 386995776
24863839 479717331
749330072 202023069
113707258 808491501
583945764 85979729
631554153 296707814
95949847 251232660
138848703 55777265
130098703 218501438
204897823 777790142
430800310 172856128
301197426 478604877
108721996 416729026
13947341 703123119
168086782 593301864
676324118 141712222
1000000000 100 190525647
369615228 199458396
166469992 410646397
191379207 518291650
631905240 272233465
635049486 274525715
82567911 428812626
135207363 157716334
355298582 203991536
284492442 507451134
572301620 393368768
246216131 689638210
143385572 688090553
759782781 95123283
612539713 45000517
686178298 3386588
327176596 265371867
413344370 339674727
93060609 181776029
271001319 190356359
294673206 333949015
496644559 32489681
572304700 308638669
676071477 320671095
852652139 16394688
404865367 591563808
119315323 30128567
141303948 565909255
121654712 761618786
378790873 182408268
266476396 489065562
176336405 290441495
354962735 239034906
421919880 575789031
110656543 282714515
841756371 18810268
647072329 264165552
774508045 23638494
716824385 51005330
434354107 442026991
428869106 327673095
129501989 594795866
172136338 613793913
20987831 101076334
72856820 164443715
60705716 871515594
639192269 26665566
66371358 929839947
462881026 272622569
94735562 818524694
171761425 681267086
37367358 893244805
416455528 375200672
327397152 36971462
906106735 25884862
365113630 221667328
463556745 402743832
343912215 632017369
349899905 42212380
322871493 27495659
237305445 257795602
272115768 457581800
200002659 660337533
608038394 135973004
566354496 101453670
220445015 249138079
66471403 244161446
686498120 265107076
276070804 125353428
335710176 315380870
609418480 333548469
729609094 9235461
568190996 8995617
262997470 280912502
250118672 708126224
629808172 10150309
419346046 119153585
77735165 60402312
204275404 342688452
512286232 415499951
428048300 267164532
162816454 135116504
140902723 408607106
561804838 197914338
311009526 590677905
36279121 494481000
378297371 65825705
467915133 485216251
94702126 517010397
413843964 410425305
344597069 167323123
712648787 161147857
870728573 77187159
356686487 142745148
133603726 762367918
23859047 626568622
150694257 645527406
92660318 472356235
493200302 416888197
429097036 283950390
258860217 203020791
24 3 23
9 8
13 8
3 10
498293074 21 365605647
15126735 52682731
195400599 60487250
49589044 368887262
73693187 40284299
198331366 41016327
279955047 99473574
306528079 116087285
358318707 39804982
312039035 152303510
314144540 161695814
121430297 119273715
202910900 228147775
188225548 82078448
242435206 77209110
221249947 145922660
110251860 303819923
99978636 366903353
134527334 32381622
3581858 214857986
83094453 51825871
254764085 222035609
1000000000 100 391191002
153243677 163356597
258243731 117087767
197557318 475793730
398937382 130276819
641890082 191512
446362640 29986417
83957572 539563876
79718161 792651036
195931600 739478874
187807210 771999223
549531882 116465858
127458347 305352058
624903150 359519093
198930643 644016253
542519336 130692612
264733823 342413781
119454252 759608305
646275730 334396502
730895507 181911325
190929684 69789490
459650195 18799968
11152617 531298616
300296926 433781901
193820061 676889203
62443924 274680542
39251014 116110101
87835191 288703741
22152948 21746227
311443945 237168385
84667545 822312291
540814469 52220597
357807278 212255801
341865625 149598677
498864629 47189235
590776538 66946724
271998372 647032186
613496510 239719048
729578139 12015014
348811815 308610196
107522199 774540197
10259459 343780977
460805758 516905706
260263683 94985926
92007080 400879073
321400693 56026498
376943610 184698519
100674156 848284312
105622192 893208636
150431302 699729117
222032705 520414410
701440370 263449864
229546368 121471743
799552295 11420808
65233486 73778765
242845946 619119788
156289252 769151382
676324629 25006702
187334699 485993243
179365739 721663720
539669629 351958713
420383815 489186392
257092583 66671732
365661590 232747341
76182205 750425687
96948741 248180128
127760576 749281303
196268829 309243098
862869773 44227303
69183790 511208326
497842902 164258204
64776223 920918169
218208514 465773589
171774842 697006588
33966114 602556014
388289126 452996029
280097991 8853318
767742890 179802265
227656210 691446393
405672563 277834482
389839002 385175186
403437098 208022905
877279608 108460973
320811668 593556158
15688275 184811446
247148412 260803264
930898573 20971079
19656295 869764863
200747877 217970831
624507305 216890151
189992984 542200801
128545609 521469116
553705628 92819800
456948934 268642843
6633240 200583677
537535716 219846516
52970252 175521401
359651429 316625308
82744640 451288847
659584048 112286034
459229676 19439897
24 3 18
9 8
13 8
3 10
24 3 8
9 8
13 8
17 8
24 2 24
9 8
13 8
139653595 55 119522142
27842808 15025257
12089689 61211919
107959971 31525221
99984829 5840911
32439781 74011330
85802270 41573518
53942621 38063787
101976234 21153263
31598145 27575694
48587510 53051396
28553599 935770
6191892 128102729
14293997 98098394
92301016 30601118
25317815 104327159
37655100 65057133
7374513 86505792
28890285 78205352
63908868 27242102
56634508 35514171
3321975 39070864
35681882 103715716
6320814 101324040
18721358 27461097
78279650 20756392
4482796 35125478
41582257 48523712
63728558 7809499
1892317 59560735
19897986 44547398
20069501 58647180
17755914 35675042
12234828 37798356
78987390 4654447
43000961 88479862
16054366 40419174
33095191 69807204
35869144 97482282
15134747 74430883
80823249 26540592
39564636 30541143
79417299 59137864
36938909 66713764
75307397 62572952
38307197 80065803
4245596 126981968
6932253 38922809
31571045 7511306
29433934 93687332
81295950 2660971
8196066 98606513
72509869 62460623
27932396 14217502
80377045 54252908
40011111 64441147
24 3 7
9 8
13 8
17 8
24 1 24
9 8
579998465 87 167465808
69090067 3425761
116193408 154579866
35768464 377355261
263661416 55735260
177097449 193349481
194290198 35372679
265907870 107692767
318463565 16911090
26322440 303404738
452500384 74540345
40345951 390324791
331215399 98420951
9341840 10930870
316016511 5361770
60993556 389266607
56858340 460792025
419778648 42182107
169232421 327338527
12923859 341789068
105333976 330056464
29092985 411980877
35380435 337693156
313419718 243221504
317831288 123246765
289891546 141233404
30059562 540988350
277196822 145194853
145648303 241505394
22561746 112451559
230249330 97927460
59042053 48323754
175140 225244540
93687396 375879133
330670239 195138954
41438693 138802656
34186971 331182872
193372116 385377881
411793302 68916936
338731835 20123122
431974803 76353793
57031119 462391224
338076393 228049022
30359341 161639157
20778725 178812335
345024785 47962886
424041959 80257171
182799452 252168022
323856019 104991292
36278787 465327567
269699937 49550005
67301890 427126135
19766898 366181508
307190992 107978580
323784400 123868789
375919205 102706595
295163997 129908945
95874051 368023647
27619071 70077358
213090189 118106361
174251258 341110687
109552743 175545057
209259877 279585820
415827682 10844174
66653490 194222531
21168840 538332447
91463049 387543534
249205073 8378882
246432865 95222509
392202899 941156
38324060 176814480
109945108 451519043
313391483 260687822
122036825 275418177
191254063 110618920
110603306 239986018
286373000 229527010
299945441 248380062
150303602 54234227
46325965 465461813
21384244 363267040
279363997 246518089
161310944 169076358
257818285 126407649
114380921 249874327
37024868 490675983
87279159 401473322
61891079 418422336
24 3 15
9 8
13 8
3 10
24 1 1
9 8
24 1 9
9 8
24 3 24
9 8
13 8
3 10
24 3 4
9 8
13 8
17 8
24 3 13
9 8
13 8
17 8
24 3 8
9 8
13 8
3 10
24 2 7
9 8
13 8
713209042 62 29530686
339994573 130533880
388761575 111079812
114917272 454761205
33592598 588950599
141302388 36140071
67284033 32550420
87731805 369745347
47642670 626933067
286725463 98784624
245105152 93045449
138507024 185445323
179171217 234302401
103651220 45181942
294356170 369178463
426411212 273080122
185771820 100071985
135851439 371006907
278538198 433289964
193474958 95061
217148113 450921107
398267806 309364774
6946965 158501686
57054859 155467125
446726525 11706007
585581396 23022230
251485035 229088252
316900275 202464376
131423499 565035126
16287823 424217162
251381530 319719920
102452658 532955220
2296367 522061726
361844850 139872885
124446629 148108109
151612301 166944607
114815813 486024519
193132749 198846350
446055093 5374742
97041106 319901714
79198373 337592747
214530674 401105747
159106921 253870741
280666473 46264142
505142316 108747950
33279943 29085012
14254840 300650858
75758296 34298788
63127319 382853414
68089707 336057532
100182980 588882440
416658469 124650372
121389846 556050618
270607531 254814716
74271095 559344787
594615704 6228739
82735035 570111536
559173445 93143875
200788830 325843598
248408465 307676340
10124505 14857397
361318541 29525707
89152573 360844146
24 3 10
9 8
13 8
3 10
24 2 15
9 8
13 8
732393030 50 557977554
235205441 361766972
226610338 332641368
561414678 15979095
180263808 179436362
207488761 444894327
40656214 25773478
356038867 107513518
527357686 153959273
311962572 110734621
503883242 142598586
41833774 155626623
162370250 282430372
35805616 692811542
659119916 26558438
266554936 15298688
181792736 240182582
472497780 255655910
195298249 182106606
426142131 19149685
532592094 2901987
63117705 473164937
286244240 65195400
164844582 415620733
205199897 27689737
231260637 455451115
647911864 68374959
255946130 68352784
38323922 424208640
268514230 60315306
640498611 91422784
497456608 50107066
507188121 82241024
419175592 273920645
138417881 335543687
233300243 119367906
33274025 473937077
581839254 80713800
111728346 538226922
253260138 279046562
33157095 560396410
298738291 252553324
277926001 92013597
83384635 634878227
371048440 83245284
123115031 292872723
515009082 187382406
322136377 405579243
330261460 395806158
495907676 83300506
497638576 140070494
24 3 5
9 8
13 8
3 10
234575591 57 25981566
158171338 33508249
133268852 15161548
207733479 24486297
101512629 125026204
93115147 105752322
7496723 95676539
24983961 167942412
76656530 133867778
46830606 169634487
80508379 47513439
112892075 55890184
152297291 10950243
78704316 153152464
1459257 66429192
3803693 10860244
7631405 49347207
26082233 112447252
100947983 83322440
86267320 43529102
169828550 40571529
96001982 118709072
167925500 7388535
45571710 29323373
9804440 150304636
7791104 225921026
90545392 35639701
46662542 68443202
37814082 55846852
172572619 30667403
10018750 73115484
122574109 57617526
93370370 116597260
157774038 45473928
28535029 89657561
11655679 17161900
138392418 84347337
42278292 55266784
12420517 52014890
2777500 56601926
163129986 23832949
76148468 135464005
200293268 14266568
71351503 75448877
79702916 105320025
212319126 19067754
64171104 141686220
22017133 46932421
87047228 121313719
156244331 13543645
113899938 61125079
33606601 33066667
89147435 89783440
48104386 49961837
45459787 185013980
3590847 76104546
57232936 9701885
14707309 182478778
24 1 2
9 8
24 2 1
9 8
13 8
24 3 4
9 8
13 8
3 10
24 3 12
9 8
13 8
17 8
24 3 6
9 8
13 8
3 10
24 3 3
9 8
13 8
17 8
24 3 5
9 8
13 8
17 8
24 1 5
9 8
24 1 8
9 8
1000000000 100 249484125
17376185 9125340
295081678 597146887
547642892 343330978
266233431 132679874
38946494 406742787
578403641 309606548
91538677 897939321
109268567 217952195
81850820 227825710
93877605 668436349
273448326 491964428
495498850 341799168
328673477 368514174
547117981 174275859
232633569 763854473
13992116 236763134
626365490 263574355
317709579 440052686
132996653 533562657
665944269 256998512
129003058 114644443
22007113 68663546
31188778 850479522
140684923 241547385
735637451 118868424
388052995 105547847
150945430 783038583
579787715 30264862
143959972 803557009
440626046 95790984
708871150 167582710
351453071 459918317
247502181 71694339
770728774 217796813
740401738 180082561
366473814 415412688
142308573 332934255
54091016 384990903
637120555 353486625
95226850 93945844
353794000 37405539
360992726 455633281
313524545 677212984
356778185 283560084
548815364 144848743
42203883 484544467
26273998 759727659
152358182 412914256
336609394 19741335
224176752 38680190
690158268 200042207
825299146 97734015
459477615 31583263
343343774 193429308
172192547 247736077
255465405 457653219
465517977 284259192
36886667 457493126
200723576 338588845
175104743 2164231
601311575 28852229
136535283 860633324
824925328 148915463
333216438 23278473
423833674 244920571
433797183 288457567
313432762 288843167
672016577 264734761
90171026 216785707
210241961 465719347
678137429 55537300
302499967 689243754
530802581 324696193
456671032 399977752
277559166 543088316
597262423 374409164
74377844 729500427
175299632 283559566
37547485 882625856
367454942 71214605
218981905 564136770
204350974 707184522
167495897 465211705
581864152 229046972
317752348 571077338
147327501 144755487
272547982 216899385
159862449 259438572
24191660 305751571
26521193 629503898
173065070 98008299
394371937 175718703
344295472 291027975
265691745 22814691
259787890 121916108
140740778 53756878
387351060 144130756
478299139 311650789
257368914 613641389
246756837 562284153
689458403 90 666566907
351015859 128812416
514376752 79536432
258147507 416829659
27289125 250848413
649918293 14464597
369098439 148251930
68004819 411868367
432928547 115650354
330347338 335238013
191555657 339121681
381238922 220350985
29479385 442412667
125724797 501487576
62577756 275687198
435290625 15197559
233617708 131561238
489897712 191394127
272667114 76415244
122370885 545620186
387941944 190901457
515584734 29404317
310169448 159690653
1086305 664823383
292010729 18685542
198188008 296813312
136380401 172426858
364490692 74098955
325954700 277166723
141407070 301286981
17237179 251259467
76361260 200142562
440806456 182010483
505210068 154871360
98596445 477454169
165629364 360772259
119258081 207256413
213246798 148318192
267884174 400913
466851456 23438614
80034909 313391798
22203416 513937202
14076740 500944503
263486205 31663234
13997579 37306948
184201960 277798163
112229265 245673438
424483242 220191054
252828531 266077901
241458772 418967032
191944627 99122384
266837084 412297458
200527019 173815391
438715363 84368569
463803471 25363285
283924806 18238373
340864685 335822859
247634922 276899383
7804548 262100683
275075732 84742313
111219025 33406600
34237779 452632738
363802886 198718225
518861268 76502373
547603405 74913692
565445987 64668775
240035003 377657877
615709657 71336941
560436909 25141663
395928300 118697462
357203379 284802455
197770707 246815693
183054152 460885668
108082082 106043899
304674479 45255911
160838108 5930384
101011082 223576361
97670630 145475223
118834127 317627606
158382109 269177692
196011580 492908904
206637927 418515196
387066546 19772919
233450155 165299768
429397512 115862307
332292666 54257158
195306790 85930071
489420218 17027242
501845970 184128840
226279218 457597022
190841841 496649814
24 3 20
9 8
13 8
3 10
24 3 11
9 8
13 8
3 10
24 1 13
9 8
24 2 10
9 8
13 8
24 2 3
9 8
13 8
2 1 2
1 2
24 3 12
9 8
13 8
3 10
2 1 1
2 1
24 3 21
9 8
13 8
3 10
1000000000 100 255117627
18634592 289053119
906824519 43893462
278225452 616873897
536798582 268336241
214998557 343137500
603824937 215475676
166539602 718576767
746105647 202533470
29974988 256783532
513076024 403691479
501960429 205562309
495666177 472834384
301894913 124866672
730890702 69419382
477798998 481019539
71056259 598647165
82257174 12635676
219148243 103555099
487927480 96129767
653273832 120460321
365113934 548390443
138912936 323611214
297163780 331986035
803207856 18008810
758709497 18420883
427470247 500686618
449270673 393033901
60137946 467253638
985806410 11052166
42747604 590321141
3006295 205926275
334228650 379318436
615590957 218075086
683564522 5020520
865411104 63529441
396507053 73631978
36189467 578862690
234141889 669403785
536629858 74959296
118521269 143015866
695820568 60312986
498496566 402131938
615116454 210659334
299786104 459583548
652926740 44323109
547154133 125342687
327913096 644896396
150379237 245552098
299916026 622032432
831142232 82186616
549041638 58216657
369331788 589599337
336962953 649027056
432742262 299084010
189727960 75958607
180893679 389730520
15575429 980533259
208598466 233671827
188603506 626383550
12288988 812146921
415860669 374671538
711932041 144787703
149721248 117214320
81725749 116826548
262147080 622682881
325237748 254483490
638920449 193166262
338669611 4035773
111960510 133980893
346373239 204318445
457501905 164191394
402964015 238788739
275942394 607662525
191460031 121321414
321111220 501487861
182474057 479829326
115578369 455715346
135359745 531877603
336076055 268179488
521050219 61672912
187368110 180697166
603287217 305748375
514949157 438968485
609368864 360716223
598542900 321141717
125986990 25611655
121946339 650353245
138421641 89425754
2345559 235936145
183834296 450154176
159206483 47820406
687902221 235615308
174601631 277976882
691818103 214682422
630940505 84567043
123073773 108352548
225045091 407653236
302597593 692737792
193631183 558946079
105652708 30174521
24 1 4
9 8
24 1 10
9 8
24 2 13
9 8
13 8
24 2 20
9 8
13 8
478079330 52 459713236
22716028 74591290
407535008 24184500
14035292 267135942
251150645 209232530
329166534 37541414
18923610 257569396
111236381 360396645
5232426 101257752
57418584 363275187
143450738 3034606
332851405 88644548
91789514 354705666
42199195 121904134
295979747 70289667
340805744 106254723
39154356 111486616
97390506 30596921
212103924 106551308
7617089 354088486
77580896 356880903
355049141 48629179
20160856 239130965
3496849 462652226
203323130 34365414
92936967 89453814
86232960 40916547
103990266 36529439
431146978 22556814
13158396 111054750
127229049 282283440
84160221 232322026
44387784 124094293
81038828 213667766
177013077 192940332
193033597 54700034
10274533 390653016
18675965 219843805
377967508 94300654
169968835 274567419
123456096 154564751
275050661 69623824
137964695 52150425
155157778 284073464
162499909 190291880
295324239 74618992
118034441 120573781
46667579 54404716
36823080 1780731
294252995 102501302
104777536 294260828
160147474 292957560
284708421 45816327
1000000000 100 936856409
40710030 491559415
184168522 14990818
130583951 406107122
275431431 619221192
349116747 16789249
35963673 688401330
167560777 595890495
481786430 326294516
75161507 283215616
547555419 255019474
299499040 18887170
460186202 224972525
724774376 82058087
414640414 186684062
379307239 542932651
31097723 388223712
567764808 348695655
393827154 149683539
485998458 396946199
42348594 422258057
2677475 202194060
513427021 451252690
327269590 383550190
78294947 382735521
170808681 111222939
175881479 712156846
61062745 125578900
468876113 388949908
426923427 86616618
295531426 326580569
326880915 553827760
564351944 189082929
361276066 360861709
265173078 690741627
548699552 367809804
361629349 572573198
207662679 648196837
243645966 139500275
643337722 148451713
924810739 44016345
799939344 165068767
64600385 52843915
69494741 112655912
2647915 196911675
109749786 40808895
194569221 477379552
505442034 187098702
165954273 280089461
275018867 33363685
114355265 669981192
306884819 363205444
291723340 216977997
134232532 837103851
396693290 17229791
262385278 109104069
369715859 344864088
174864812 436914385
295236826 343023003
167558893 689257953
346269882 7056601
73916868 328646312
250882697 310227120
553446014 190821497
375079199 337412817
390137678 24601784
373073286 176004331
192821492 123978526
276450752 610924032
42075937 372804071
549026181 401232455
211779119 622255508
51355572 547711195
556817273 293419877
265107465 598898550
116610646 394509171
105145602 796575782
470378790 319593226
122422591 430205061
392577585 64726876
6089600 546649739
161835879 318935701
380959425 597569735
222695681 279546180
659686688 13941985
309477257 185966445
677444029 295899105
456225014 529389050
264600214 297135849
871859305 33403192
217129092 129491634
200264854 538192936
300761433 348793000
254751297 541615822
527889761 4608573
674162254 192134144
888781816 79082765
664179055 52624352
325903756 326936551
21124114 171884132
323446484 181376986
841700852 70 651815530
113364538 235012268
62005602 229474177
505674520 105376055
508436708 216106698
348996068 456721151
487003254 228030915
224067824 612073233
93083585 455982021
437185543 231774740
266397565 94842902
15956990 410223205
685143360 68814954
402292943 236518166
129854473 684639870
61926023 628529605
295453468 238674507
530163836 231664345
14554552 759631290
561617017 232461487
203678362 21150964
166002580 111339948
75677298 265286842
521807333 173052293
180621306 81257142
114582527 662997128
349660037 35018003
44543825 554468335
519731237 139970538
243910585 484732875
558231704 66680779
417776187 129622472
305997757 99557001
219752240 619271027
135577161 88088456
40019549 187259916
193923381 606699506
513502113 197898167
297954040 10029592
326730331 175311573
528022545 308557666
30162085 99958339
40686183 692911788
106180990 242645211
291763955 488411003
316818148 341062324
557890152 95618234
176501220 96198195
208488376 492482064
616864541 67853452
269274744 190335444
216809436 298341577
71981789 219595118
497484630 75299548
487125779 2952840
26786265 474969481
680011983 154114425
608714047 145669064
169320853 638208190
235391930 519769052
3262910 324360021
227199220 142928762
297150681 61745346
583565178 120612274
609509970 139131902
79639010 407689479
463030197 119500557
19150378 208850679
466090906 263389661
185570707 81807747
428676174 315347673
762368596 65 487513296
51199690 583816863
222198033 383896894
241227811 52470092
39275008 32244372
103835447 294850251
64180104 588447651
255506264 406653156
244205916 421752538
123798385 29083175
624402899 58859505
39895425 323506270
386660945 109346070
431215730 43629059
75287029 16064094
14037261 20130315
268200649 82861981
140028302 352580238
404812812 22463062
565563027 196705530
104548967 616719567
230553558 260501800
306608707 404071865
120074061 592110362
26639517 382647736
297851454 244016362
523098100 107954367
505742624 32768686
33032494 343109350
499832651 58076892
442427546 131170799
509677621 218183448
661529783 64441209
64360144 636017216
103118981 385675052
206835855 476360564
424664314 69655841
605239993 24546996
108523894 53409601
87548756 520974009
4721316 671801924
401063616 200852281
79768902 269338310
249436617 147394364
143002285 297111018
54473429 93362107
575531345 88570919
39860952 161852635
280613861 205864664
269810950 488665414
349456707 248177230
89456090 604776178
647768945 63388456
301190242 281014809
508904226 90035193
227529966 428108291
343763938 217973418
280038283 311929330
624196324 42053512
449727729 36862885
364431201 133437262
302383603 91842777
182539858 235162824
349005726 68744947
271533 24946299
684987742 30780745
346632981 34 37678366
66024648 141040153
3373492 210601193
100901897 41484959
51774372 236058491
14513227 56269960
13625500 266281806
102838310 242990872
57621755 128472600
193675801 52506754
182240018 82211026
17480898 93205501
61480145 280049377
71802583 239581824
189726983 64452893
187663210 72030995
19584184 247337687
39149576 37834473
39070933 35393240
101285553 49621120
56946637 93951247
193022251 24298294
94687690 247111136
231452307 96927558
168713866 93824823
221707539 91250312
107614821 32679952
86766528 232087774
90413856 55956559
15787146 315626995
2732663 188892427
187104983 112065029
248849251 93601481
172841692 140027791
68976547 151642066
1000000000 100 408528869
399766434 376275482
773579462 170973734
166221 830890478
424303426 227608600
145093837 750366984
503376340 221370313
669380568 220085798
328370885 509145794
18939176 713225167
221693543 335717806
51174359 555151683
615142918 361026705
341506892 320943288
430827260 388370575
414276564 550743096
298847555 699048780
628130291 354719445
72472102 25240151
274446080 696961409
315097080 182005672
152346406 82300098
114077697 330160849
449097786 208073122
356393188 472514307
283027428 358338414
303473887 369113491
245270431 685427945
23315165 28721683
99798435 197289426
396084706 41159449
722482928 201761323
31005511 516353070
249872623 63763761
417247962 282167696
38620487 359146593
153028109 112053389
153641049 104954160
60649979 110325796
457359800 124982702
246128944 346808841
773164668 17523180
389996423 318805967
160904857 234874854
933812932 39264177
240295768 588374557
8313607 379269487
159333645 833511111
85151402 97082426
561578616 112235163
936725938 55771742
292857982 180048277
310954242 358248208
684771128 286604934
745655657 88502855
135465291 743571716
143993158 667689967
65678897 700258699
9020099 409918943
701752560 28928625
253721248 709244992
381133916 96663478
432158027 201335779
14450964 852619516
540712404 228313570
147136953 205493545
14701255 368776105
710633235 137037762
398558570 242745387
357273153 163909326
5642085 127513969
518593637 89764092
570798503 194206103
184724330 812779332
68116272 452547154
319447098 276784031
78241036 895093273
250582787 248841257
743752933 190663621
368469723 462580940
173919500 488725821
217800010 425609288
159825043 770882071
500100366 365481849
158349988 521189396
360979538 146655283
122263813 804668903
640573459 332305231
2636920 969085475
89291864 253110552
384858934 163292754
790341719 197779832
15626988 495522363
221121593 591154498
412124832 441075494
914934001 30210153
492695904 150087242
70254568 668151714
304458475 160207312
883403141 15780155
138041552 531241908
24 2 16
9 8
13 8
24 3 16
9 8
13 8
3 10
24 2 14
9 8
13 8
1000000000 100 75645550
20495280 117829021
239278461 668431672
168988060 29077710
645713732 353682934
172895796 298218074
347840766 112026407
24138409 647654678
248234785 312488466
15513632 450733513
348013109 42406227
244838437 554751367
470524040 255674225
705956703 116466344
188104471 432379981
254621004 412468552
261506007 340425062
226927233 510236409
357017621 163133591
344431293 262752489
542131586 428695914
652723216 75553163
523880480 319918741
246311876 406392730
497978730 80102850
110510710 187307649
432791255 232524717
445711748 410380905
518478261 17942180
162601963 269804896
694150685 95932538
463662101 147955468
91112363 765664135
227904321 730264557
720901208 103559418
771741251 213564261
335925160 550070149
273484824 34278830
596430054 89732484
764771701 164490703
685216387 279357987
216940266 139874012
80951426 609852403
230398140 153680255
529454467 293450298
227862559 734236278
443964315 11748014
792722175 23864559
523925816 184916846
737346654 124120757
37101427 624498793
516622019 176928049
243121447 349020194
107911404 299104393
390838744 376487955
309131109 577115761
30112874 475030696
709242765 194033185
74979797 241569834
459167747 224774485
260444305 508910845
294484855 116053037
107958602 738298191
320472872 232136694
378692984 303019779
393111577 352369481
103977813 478452900
589919853 21501186
638301802 283245210
862154519 90483083
205343131 220511371
583474980 82217376
442105869 5138663
408893515 333642288
637774608 46270419
502934731 169870952
699489114 194596937
831104735 16863609
476793996 338470963
282500653 655440954
408144552 488855971
310577293 316635549
17623484 60123574
213090021 608934780
223459063 640957391
516504460 237257493
66360836 368068868
497047328 69485228
89904137 68523752
250444023 659197671
629534734 105560641
436738792 76656256
427482733 188184663
161120428 102596131
616536704 137821450
483065865 209596194
2646689 864492096
34381674 813411847
152308023 151902505
101809153 332096862
197929728 581809859
1000000000 1 1
1 1000000000
24 2 22
9 8
13 8
927739646 7 320815289
249701293 304746996
165664518 714832876
7571289 666363605
224943321 118188731
591218594 138585612
126078809 293702380
113323746 195872557
24 3 14
9 8
13 8
17 8
24 3 1
9 8
13 8
17 8
448663107 85 110030122
366603806 2885479
363062004 47019108
908535 286223114
42341824 359003712
272076713 97417537
196152922 112198358
133025685 176137135
17124507 414440783
175166934 186468666
80698599 77017451
256415056 110192916
117770018 61969648
163571516 64972482
111294843 334229967
144824368 254747889
218738794 71130389
45177604 343991425
63688150 15951378
28111821 51272652
106200881 304872139
307896488 95644216
231371775 103389017
126815637 302130616
57008095 270761320
170990285 65027965
92931996 188527581
74924054 109651997
162484415 198226514
107641376 40048813
85240129 184744636
145623875 250013573
135208020 8145708
201654618 1981746
181655388 4500809
29196466 58042364
374596110 13574676
217779944 115966729
58218887 373931156
23033343 392964439
242840011 775020
231725213 89938367
297455131 35243838
230471224 123086216
297683764 75581586
57379063 290106322
199519261 101831360
199134539 121584808
266134752 130951976
98983710 21456397
66287780 69951800
262187216 6397921
237593531 204964814
46741484 59645637
64055887 203631417
59608031 148937108
131111428 233028123
22927970 98766727
359084567 73634024
33869397 202386816
271231438 153969485
299138737 18767176
184197868 65562805
40139493 302387169
122480815 129806589
205765549 20036920
48706187 204530122
2042198 74094951
287916481 10820151
8787269 77860878
146786358 209515670
82716796 251322462
204761176 55970126
83163479 272600974
92336114 252905627
136620019 175099573
110306795 90109284
15635546 264311714
95866407 257493990
379691995 15588053
24548817 315727756
266996037 82487508
101598102 113707089
271084992 155500867
366657549 64526294
268703869 99386981
24 1 16
9 8
24 2 6
9 8
13 8
24 1 3
9 8
24 1 6
9 8
943162402 89 153166173
35964986 338756577
602544655 260485630
457814081 49248457
868825552 13244175
368307309 573179834
512449626 411670904
531997818 363655832
706914934 198836956
439057447 67814371
181088735 370491120
58909051 875275114
91149551 361433638
366307816 417126014
252584397 186884304
749753515 90073515
733409984 164467362
186092720 638001561
107205352 162608888
72967805 137658394
160798850 116781283
254355822 194542044
85418444 125163057
591450731 116322488
83951144 681278066
193427431 647649031
589687171 263326472
4749808 576195365
148763555 80635419
409270647 267480736
602847312 262898601
2032332 616638086
381356732 303752736
697863790 153467154
224272583 488793213
215306903 255280205
303271121 414295112
718325417 104568485
844459238 22675153
20660243 618908721
533986361 190261910
189343769 388649553
341308518 555710768
195563710 670969533
684776994 17086572
21024200 541671539
187741428 29095594
356173615 130954404
405019277 225696425
636391673 270398274
518353977 93638649
301933505 550381010
107601561 581922843
684464032 108405590
679290154 148910645
12500699 689091006
290626510 213362735
685586 145419954
172506571 22372360
283018813 319897316
134063799 774533003
340271358 12910238
315977465 282163661
330057532 52099259
359552834 117241049
418115868 521754999
531595261 51642323
59527582 411412017
221252299 366847639
174538423 120240252
489392764 103681917
685440401 209918318
645725047 10304565
472753326 447246887
309009483 31308571
761908566 153203508
301901260 564386439
344097024 229061141
500419773 434088783
247462025 219831218
589422767 241364291
327553165 245940874
657640700 39294601
409278963 344353098
171836336 128142376
162048592 400004704
19976047 54000077
229585835 564869538
373394899 263891513
492410206 357932607
24 2 2
9 8
13 8
24 3 17
9 8
13 8
3 10
24 3 2
9 8
13 8
3 10
24 3 20
9 8
13 8
17 8
24 1 19
9 8
1000000000 100 471631993
156067486 259686858
522911673 104865791
478944208 185846827
186514829 692517408
70345942 574953351
2282050 352002775
308049272 49801159
191871497 136623513
536648395 113990992
229274995 150695899
361340554 421441514
377394700 123443333
5203309 37054924
330227450 67393415
424023615 1241639
566400054 267096561
547628598 430548684
783653135 94829198
26488501 255146780
590650655 106306551
414267847 353573915
4382746 544035712
892613049 47276982
592763333 297886701
666924050 291480126
595643867 119750777
876527635 47116493
932565921 2984866
212849843 273319899
197938264 404387286
375329065 472066855
17538839 696947752
438865722 79607169
325584620 558728558
569145927 278819410
64611659 508779786
687764826 279500932
175654823 723022713
186305351 112488599
137178177 157145095
532727083 156836808
401451119 212047759
605056828 9143766
210904325 339368454
60905937 78156270
466516534 67046128
475575417 300240797
259459130 334457839
307372925 312957685
940130751 46589062
83870385 633772895
542050024 10755716
751883423 122187972
394495087 544497873
394777325 65372413
81087302 2270055
334122748 94028339
8335764 577395723
508969845 132665903
347924019 307812119
171407530 609225108
822057040 13908860
41674136 668319239
307771669 257764290
79621027 197023840
131116981 135972130
9505981 824056644
380123650 571904508
130548762 579530622
865761245 24562024
224245189 478632480
704690931 257137516
709488967 160151577
447110191 326241239
301988843 119120973
620928247 249699223
108765946 706094618
462212215 460093070
113562955 807516984
222534410 671164631
584731522 411377964
456639137 85326888
129475797 154627669
593056850 151104670
556479444 43519827
565343439 40865068
199123732 157717687
207530050 667534342
513889266 476380252
105593189 313809726
820993341 113331365
110621622 769261489
784376067 161897336
952606149 41315578
212530500 255645953
457089875 483545050
455468598 114457606
213366565 81076015
801385248 51058609
173911093 457326083
