147
24 2 18
9 8
13 8
100 100 71
30 46
10 29
21 44
73 18
29 51
41 27
18 67
17 27
2 64
28 8
21 67
46 51
30 59
69 26
68 1
40 14
69 10
46 43
59 16
9 53
12 28
69 4
34 46
40 38
16 72
1 86
16 7
44 42
20 13
57 16
5 33
13 61
25 1
85 15
37 9
25 75
7 62
37 64
16 5
29 65
28 64
45 39
46 37
18 24
51 40
66 24
77 2
54 21
40 23
58 25
86 3
56 14
13 15
52 16
32 55
79 16
48 23
10 6
51 22
7 48
10 39
16 12
1 49
67 31
39 62
52 48
46 21
32 11
52 48
17 27
12 8
24 43
48 51
9 54
33 41
46 11
7 80
9 73
53 14
56 6
18 35
6 36
63 4
13 28
24 33
26 75
74 12
34 65
98 3
40 42
10 12
63 34
29 40
14 43
39 10
3 51
90 7
73 26
13 8
34 40
100 100 36
12 79
40 30
23 23
7 55
79 1
30 46
7 33
51 30
9 66
6 48
77 11
54 28
52 37
91 4
7 89
50 35
56 34
55 26
11 67
10 32
9 57
20 61
78 11
8 82
63 29
48 35
2 20
1 88
31 27
55 29
71 12
42 47
70 26
1 18
54 37
53 16
59 17
31 40
74 19
26 53
59 36
31 24
72 28
6 44
53 13
56 2
59 23
51 37
71 30
6 28
78 5
5 3
32 43
14 74
32 24
43 26
18 47
20 69
3 54
96 5
54 17
8 40
33 31
15 58
33 62
25 27
92 2
88 7
47 12
72 11
22 18
17 67
22 32
27 63
44 12
20 68
12 53
8 4
76 24
29 48
96 1
32 32
18 4
13 9
34 59
30 25
13 83
50 39
14 43
7 91
38 34
65 35
77 4
78 2
14 66
13 77
10 23
38 1
12 42
35 12
24 1 5
9 8
100 100 58
42 15
1 83
12 70
58 5
90 4
39 6
34 15
59 40
1 15
1 43
43 22
55 40
35 65
72 9
10 43
87 4
36 31
64 33
9 55
68 22
7 71
9 17
88 8
66 26
36 54
19 3
21 26
16 58
20 66
9 57
7 28
38 29
42 2
24 24
70 17
48 45
13 7
2 6
49 29
9 63
32 59
9 68
36 55
36 1
8 45
50 30
17 22
25 27
37 3
28 20
36 38
29 47
21 38
28 49
38 17
18 15
9 70
6 59
44 10
21 71
31 54
68 7
45 26
83 4
21 37
41 8
30 47
70 18
49 43
84 7
7 67
69 14
90 5
65 9
73 5
47 20
2 23
81 11
5 43
10 31
13 20
17 25
23 54
43 50
14 6
25 71
36 2
74 20
26 1
34 23
65 30
7 1
7 18
11 42
24 68
61 3
5 39
38 58
56 3
41 49
24 3 13
9 8
13 8
17 8
24 1 23
9 8
24 1 14
9 8
24 2 9
9 8
13 8
24 3 24
9 8
13 8
3 10
41 95 22
6 2
9 1
16 7
26 3
11 30
11 12
17 17
11 30
16 25
16 21
4 4
15 1
31 9
4 1
8 33
9 13
16 9
22 13
27 9
14 15
23 5
24 1
21 17
6 2
10 12
15 8
6 4
7 32
7 13
2 23
1 21
32 10
5 7
14 17
22 11
5 4
13 10
6 23
18 15
3 6
18 3
24 1
9 6
6 22
28 12
27 7
33 3
1 20
10 32
13 10
21 2
4 26
5 32
20 1
32 3
2 11
13 25
6 20
12 27
4 22
1 14
15 6
6 15
20 7
6 18
18 3
3 22
12 12
19 14
12 12
22 10
27 8
29 6
16 15
2 8
33 3
1 10
1 21
15 25
16 7
11 28
1 15
12 7
20 8
20 14
16 25
2 14
27 3
25 4
14 28
1 20
13 24
5 35
26 3
1 15
100 100 67
7 78
14 45
76 18
4 28
73 11
3 20
66 2
24 50
6 57
45 10
38 43
32 69
46 44
66 13
30 24
4 96
68 28
81 19
26 44
18 41
15 67
15 46
11 54
37 52
16 58
64 17
47 51
74 16
35 34
55 23
54 36
18 37
29 56
89 11
6 84
46 11
30 4
28 20
69 32
55 6
21 68
11 38
29 20
23 57
27 40
25 9
26 65
49 37
65 21
36 22
30 41
56 30
9 43
68 5
6 53
21 67
43 34
35 46
78 19
3 75
41 23
59 15
65 33
57 41
65 28
14 27
19 14
40 15
28 47
5 85
61 33
9 90
10 10
65 3
41 26
59 23
85 1
30 61
38 27
42 16
51 33
20 59
63 18
22 45
53 16
62 32
60 39
85 5
46 8
10 25
66 14
7 34
74 8
26 29
25 10
19 11
65 5
78 6
55 8
23 15
24 2 12
9 8
13 8
24 2 7
9 8
13 8
78 35 64
9 7
52 6
19 39
22 14
30 2
30 24
8 39
2 18
37 25
8 16
41 12
37 18
49 13
3 32
17 11
5 38
12 51
13 2
20 15
25 23
45 31
9 4
7 34
4 19
36 11
8 45
28 51
22 55
22 20
37 25
9 18
1 5
45 3
38 23
33 34
24 3 23
9 8
13 8
3 10
18 58 11
3 10
10 4
6 9
4 2
12 3
11 1
7 4
6 3
4 6
1 12
3 12
7 7
8 11
9 9
5 12
1 6
5 8
4 10
8 6
10 3
5 4
11 2
11 6
13 6
12 3
1 2
1 7
3 9
2 3
7 9
6 4
6 7
11 6
2 9
9 6
3 8
17 1
13 6
12 4
4 1
10 5
6 13
1 4
3 7
14 2
5 11
9 3
1 14
14 5
8 11
17 2
13 2
16 2
13 6
4 5
14 1
13 6
3 6
3 62 1
1 2
2 2
1 1
1 2
1 1
1 1
1 2
2 1
2 1
1 1
3 1
2 1
3 1
1 3
1 3
3 1
1 2
1 1
1 2
3 1
1 3
1 2
1 3
1 3
2 1
2 2
1 2
3 1
2 1
2 1
2 1
2 1
1 1
2 1
1 1
3 1
1 1
3 1
2 1
3 1
1 1
2 1
1 2
2 1
1 2
2 2
1 3
1 1
1 3
3 1
1 1
1 1
1 1
1 3
2 2
1 1
1 1
1 2
2 2
1 1
2 2
2 2
24 3 3
9 8
13 8
17 8
24 3 22
9 8
13 8
3 10
24 2 23
9 8
13 8
24 3 23
9 8
13 8
17 8
24 2 24
9 8
13 8
24 1 7
9 8
24 2 2
9 8
13 8
24 3 4
9 8
13 8
17 8
24 1 8
9 8
52 70 26
28 5
8 25
23 4
33 1
45 3
12 33
8 8
39 7
2 43
1 49
2 41
47 2
7 46
13 6
32 7
13 39
11 20
26 9
9 5
41 10
30 20
45 6
21 32
10 42
4 34
46 6
42 2
6 17
18 19
25 18
6 21
30 8
36 17
13 6
10 40
45 6
42 2
15 32
20 22
13 37
6 21
13 31
17 28
9 7
12 24
3 36
2 18
29 23
5 41
3 28
10 21
31 1
3 16
34 11
1 18
51 1
29 18
18 2
4 23
5 38
24 7
22 28
43 7
35 5
24 24
24 27
16 15
6 3
3 33
42 10
24 1 12
9 8
24 3 19
9 8
13 8
3 10
100 100 45
36 64
15 29
69 11
13 65
38 14
22 37
8 76
8 71
63 4
54 14
21 39
65 7
26 62
73 6
17 51
22 71
48 37
66 1
1 40
30 54
39 18
42 40
91 8
25 38
76 10
49 26
87 13
12 43
19 61
32 25
38 43
17 79
36 11
28 29
14 25
32 58
49 31
33 47
1 70
33 17
52 10
48 7
5 48
31 24
56 29
49 36
81 1
11 27
13 49
2 53
60 35
37 40
39 32
1 37
57 19
37 43
72 15
64 4
65 7
56 15
28 40
36 6
42 16
5 22
67 29
37 32
23 6
4 21
27 40
84 6
21 70
5 41
46 35
17 41
40 11
13 43
78 21
14 39
49 1
63 27
27 5
25 64
8 8
63 14
4 49
30 32
41 54
6 68
100 1
3 85
89 2
2 38
74 8
18 10
70 5
18 83
84 3
61 34
74 26
2 73
24 3 11
9 8
13 8
3 10
2 1 2
1 1
24 3 5
9 8
13 8
17 8
2 1 2
1 2
24 1 2
9 8
2 1 1
1 1
100 100 31
11 41
6 33
25 28
52 38
17 31
1 64
43 45
51 5
29 30
19 23
75 2
22 32
19 76
63 3
4 2
61 26
6 76
22 60
8 42
48 42
48 9
23 47
75 17
46 44
2 10
63 2
42 30
41 27
79 20
11 49
41 37
5 42
17 60
18 72
19 36
51 32
17 80
40 41
30 32
28 29
22 37
69 16
42 30
13 27
46 14
7 37
5 91
24 10
56 45
49 7
10 28
66 27
4 55
11 28
70 5
59 5
53 1
39 4
5 89
31 7
40 22
12 6
28 7
12 76
51 5
70 1
24 8
74 21
6 30
44 3
60 22
38 35
39 57
19 44
24 72
8 73
6 3
30 71
31 49
50 33
41 49
83 2
39 7
39 1
11 53
10 10
18 78
17 1
38 8
37 16
15 29
50 36
14 52
89 5
40 22
34 9
69 24
94 5
36 46
27 34
2 1 2
2 1
24 3 1
9 8
13 8
3 10
24 2 5
9 8
13 8
84 89 29
9 52
16 57
25 2
36 37
4 74
49 7
9 76
7 34
33 20
57 28
47 19
9 54
9 35
70 4
25 25
18 13
23 25
29 4
53 10
20 52
70 11
66 12
3 73
10 11
4 44
23 22
14 14
48 29
36 25
43 16
67 14
1 4
4 50
51 11
71 5
60 15
8 24
7 26
33 3
9 31
15 47
38 43
33 42
25 38
17 14
48 37
48 35
17 6
50 13
36 40
5 70
24 53
1 53
1 34
27 17
27 4
1 38
28 4
26 25
38 13
23 7
20 62
24 53
25 26
46 1
2 78
19 2
6 29
2 16
55 13
19 14
29 42
13 39
28 49
48 9
13 57
4 19
26 24
65 13
1 55
71 5
76 1
3 72
11 73
5 63
33 44
2 31
2 33
3 16
24 1 17
9 8
24 3 18
9 8
13 8
3 10
100 100 15
16 27
4 9
45 15
4 33
40 38
96 4
46 7
10 34
1 88
50 51
26 13
2 28
91 3
26 17
54 44
69 2
61 2
5 89
20 80
56 28
55 30
10 23
48 15
43 49
87 2
53 9
49 35
66 8
79 16
14 41
22 72
3 73
85 9
3 85
37 1
28 23
23 69
3 52
22 61
55 31
24 37
67 8
13 25
37 4
87 4
35 8
53 26
27 61
9 75
26 23
92 1
46 41
16 35
2 79
7 8
69 28
16 35
57 34
35 25
12 57
40 50
2 35
24 74
12 20
6 14
32 53
78 14
8 65
22 56
15 33
79 4
36 8
7 8
67 23
44 40
8 35
53 10
52 43
41 26
8 3
40 29
42 42
74 3
5 36
14 55
42 33
4 9
19 57
65 3
17 18
3 93
45 25
10 61
51 50
13 68
65 11
8 63
7 77
10 68
23 24
100 100 49
2 98
2 98
2 98
2 98
2 98
2 98
2 98
2 98
2 98
2 98
2 98
2 98
2 98
2 98
2 98
2 98
2 98
2 98
2 98
2 98
2 98
2 98
2 98
2 98
2 98
2 98
2 98
2 98
2 98
2 98
2 98
2 98
2 98
2 98
2 98
2 98
2 98
2 98
2 98
2 98
2 98
2 98
2 98
2 98
2 98
2 98
2 98
2 98
2 98
2 98
2 98
2 98
2 98
2 98
2 98
2 98
2 98
2 98
2 98
2 98
2 98
2 98
2 98
2 98
2 98
2 98
2 98
2 98
2 98
2 98
2 98
2 98
2 98
2 98
2 98
2 98
2 98
2 98
2 98
2 98
2 98
2 98
2 98
2 98
2 98
2 98
2 98
2 98
2 98
2 98
2 98
2 98
2 98
2 98
2 98
2 98
2 98
2 98
2 98
2 98
24 3 8
9 8
13 8
3 10
100 100 10
24 66
22 76
56 45
47 9
33 31
24 29
12 20
32 20
12 43
93 7
40 8
21 12
86 3
63 19
61 17
44 18
3 57
13 44
19 59
28 42
68 32
12 53
23 48
9 50
49 18
5 52
48 5
4 63
7 2
58 28
11 60
7 61
44 42
20 19
59 9
28 6
36 24
87 8
5 16
41 59
45 54
51 48
21 66
68 6
61 7
10 30
43 30
4 76
5 36
7 41
23 69
50 31
26 14
13 41
5 52
52 2
66 24
57 36
2 9
57 44
25 73
36 17
7 13
31 38
59 5
24 66
76 17
14 83
6 63
41 49
12 79
2 2
10 8
45 36
32 24
83 6
47 31
65 9
48 45
81 6
6 65
65 29
8 60
21 22
52 12
14 70
12 38
28 1
78 12
18 33
30 46
6 77
65 33
91 4
63 26
20 50
22 17
17 80
45 47
16 20
24 3 12
9 8
13 8
3 10
24 3 7
9 8
13 8
3 10
24 3 2
9 8
13 8
17 8
100 100 92
54 21
4 85
55 11
14 47
14 4
10 43
11 28
2 51
2 27
9 65
18 53
77 6
35 29
65 33
19 51
14 76
60 13
13 31
31 59
37 9
12 5
6 59
3 45
44 57
18 16
49 19
20 3
53 27
1 53
8 56
43 42
40 47
62 16
17 40
14 41
13 18
59 9
1 9
78 17
52 28
36 22
69 15
25 65
31 25
32 35
22 69
19 28
21 19
29 39
68 21
38 7
49 9
22 11
56 7
47 38
69 22
32 64
28 68
7 82
64 7
18 75
9 56
26 56
17 79
48 7
24 63
10 13
89 5
57 21
7 42
28 68
51 38
7 59
16 19
5 19
5 50
31 25
30 68
2 81
35 65
15 48
39 27
87 11
29 30
3 43
12 50
24 62
2 14
67 17
7 54
30 62
49 4
32 21
17 31
51 49
5 24
29 19
8 28
27 8
44 15
24 2 20
9 8
13 8
100 1 100
1 100
24 2 15
9 8
13 8
24 2 8
9 8
13 8
24 1 13
9 8
100 100 92
55 36
63 3
33 47
5 57
51 3
14 56
26 32
56 7
36 25
48 8
6 66
6 22
14 75
73 14
23 71
31 53
17 59
26 40
8 45
13 78
34 60
40 46
13 11
35 10
85 2
5 50
15 40
15 49
72 24
2 45
34 30
24 7
27 46
14 62
60 37
11 17
1 55
17 6
28 10
20 11
2 46
22 54
70 22
46 16
74 23
60 20
17 42
33 22
11 20
8 13
65 20
26 47
13 42
2 96
42 13
4 3
8 24
40 44
49 52
10 58
33 59
44 15
18 28
39 62
58 42
29 11
18 47
7 26
12 83
34 59
14 60
20 60
12 17
29 40
8 42
5 74
13 27
17 67
55 41
59 20
56 44
77 21
29 40
31 54
44 3
18 68
32 2
19 13
37 55
27 22
1 41
11 45
84 4
48 32
14 47
25 69
4 5
21 65
29 1
36 31
24 3 20
9 8
13 8
17 8
24 3 12
9 8
13 8
17 8
24 2 22
9 8
13 8
24 3 15
9 8
13 8
3 10
24 3 8
9 8
13 8
17 8
24 2 10
9 8
13 8
24 3 9
9 8
13 8
3 10
100 100 36
46 26
5 83
92 7
17 66
68 23
50 9
13 61
5 60
59 40
67 10
33 18
5 64
54 45
3 47
11 82
45 37
63 24
49 5
29 63
57 17
28 18
19 20
56 9
22 56
10 6
23 26
22 77
2 99
34 49
80 1
3 33
67 4
1 63
80 2
44 17
18 66
18 8
16 31
29 48
64 2
54 18
28 69
43 25
30 61
75 25
19 26
23 49
57 39
3 27
33 45
2 60
75 24
78 15
16 25
83 12
2 32
22 47
13 1
38 26
60 39
8 69
17 36
30 26
20 9
41 18
34 9
7 73
7 71
36 2
11 42
15 68
51 29
62 7
55 4
19 40
53 44
39 36
90 2
61 25
55 23
36 24
61 30
40 49
64 37
17 27
43 22
10 61
68 12
24 17
36 20
17 33
89 3
54 28
34 60
2 3
31 47
3 87
55 25
73 4
16 13
100 100 10
61 18
15 69
17 71
52 49
32 49
48 9
15 55
19 67
28 33
55 8
32 54
6 53
1 48
7 3
1 68
35 37
59 11
39 43
10 37
16 80
16 5
11 4
2 68
5 28
53 9
37 11
2 7
12 45
53 24
15 57
71 26
25 2
15 51
46 18
52 39
29 30
88 12
8 68
57 38
3 12
4 25
6 16
5 9
16 75
5 40
59 41
10 61
29 46
53 16
3 84
23 51
1 83
17 50
2 60
18 67
17 2
48 23
7 3
20 29
7 46
32 26
19 38
79 17
16 57
40 61
8 81
71 18
60 18
24 55
4 61
52 12
61 21
37 1
23 75
34 61
44 46
24 31
9 74
32 47
11 24
85 8
17 20
53 2
55 31
2 87
20 21
77 9
9 52
9 90
26 67
25 50
6 72
55 14
28 57
27 71
25 5
8 4
9 43
69 21
6 30
24 2 11
9 8
13 8
44 63 20
10 25
30 8
6 2
17 24
1 9
7 30
16 1
23 11
15 25
17 3
18 22
34 8
10 6
33 5
4 40
6 8
33 8
18 15
23 15
31 14
17 23
32 6
27 2
9 7
23 17
27 2
11 26
31 1
25 3
7 26
13 6
1 41
16 9
32 1
19 11
4 12
23 21
1 33
1 43
6 34
28 13
15 22
39 3
19 12
3 29
20 19
28 14
16 2
31 12
6 35
2 34
1 28
18 9
16 20
35 4
27 13
14 26
18 13
8 9
1 32
6 31
18 20
17 4
24 1 11
9 8
24 3 21
9 8
13 8
17 8
100 100 17
44 40
34 36
67 17
15 44
85 16
5 31
6 85
44 7
59 13
18 24
74 19
2 68
9 79
2 42
40 1
75 3
29 57
55 22
72 10
60 5
22 26
15 73
93 5
20 47
7 90
63 4
14 15
87 9
22 57
19 23
26 68
6 56
10 19
75 17
17 67
39 8
9 16
75 16
35 66
1 10
77 11
8 18
46 43
11 51
24 64
82 3
2 83
49 1
1 71
67 14
83 4
10 32
18 1
31 23
3 82
38 33
42 2
34 39
41 54
6 42
6 13
59 35
36 50
62 27
73 26
1 60
34 67
68 28
99 1
26 56
58 4
47 12
28 70
33 1
2 49
16 74
49 29
79 1
12 29
36 54
16 3
46 43
23 62
4 24
1 15
29 58
17 70
86 7
73 5
67 23
29 67
33 30
4 78
11 36
3 77
23 33
44 47
52 8
28 6
43 10
47 83 3
4 9
26 17
20 27
37 9
2 22
9 35
25 10
40 8
39 8
15 14
15 11
21 8
10 18
32 10
7 17
3 26
12 24
38 2
39 2
20 23
14 22
2 25
39 8
23 17
9 22
20 13
14 14
24 18
21 17
32 3
9 31
18 25
18 15
19 1
18 14
43 3
1 25
2 2
2 44
12 20
3 44
40 5
7 22
24 1
1 45
7 12
14 34
3 19
6 34
3 25
3 17
12 25
2 7
15 8
23 10
33 14
16 21
26 13
11 22
10 3
3 9
10 27
1 43
39 4
7 17
8 28
5 36
15 2
37 8
10 13
14 18
31 6
12 35
11 6
33 14
5 27
13 3
5 40
20 16
11 23
15 6
11 36
17 12
24 1 1
9 8
24 1 19
9 8
24 3 11
9 8
13 8
17 8
24 1 16
9 8
24 3 22
9 8
13 8
17 8
24 1 22
9 8
9 38 5
3 7
7 3
1 1
2 4
1 7
5 1
2 4
3 6
1 1
6 1
1 4
6 3
4 1
2 2
3 2
7 1
3 2
2 7
4 1
7 1
1 4
3 7
3 1
2 1
3 4
3 5
8 1
2 7
4 1
5 1
3 1
2 6
1 1
4 5
1 4
5 2
2 3
2 6
24 3 16
9 8
13 8
3 10
24 3 6
9 8
13 8
3 10
24 2 19
9 8
13 8
24 3 2
9 8
13 8
3 10
24 1 15
9 8
24 2 4
9 8
13 8
24 1 9
9 8
24 2 1
9 8
13 8
24 2 17
9 8
13 8
100 100 9
60 1
67 19
8 5
45 22
20 51
1 57
15 19
88 9
66 27
38 59
58 6
5 95
80 8
77 16
20 40
34 39
63 5
59 1
41 41
11 4
5 51
24 25
1 60
93 5
2 25
50 28
1 2
1 21
22 67
47 45
19 30
44 50
35 10
5 84
19 57
12 45
25 42
21 9
20 20
2 78
9 34
13 41
7 83
43 24
8 29
52 43
48 43
19 22
34 37
6 52
17 78
47 25
37 1
19 67
49 18
18 33
9 83
26 52
1 53
16 4
57 43
27 3
54 29
71 4
10 19
5 10
44 11
17 56
23 77
91 10
35 7
3 54
63 27
56 7
67 21
56 11
36 2
55 1
34 16
64 35
30 7
12 35
15 65
12 26
11 65
53 29
5 78
85 12
22 40
27 10
16 6
27 17
8 16
53 10
25 40
19 28
20 35
28 44
52 13
69 3
100 100 91
87 1
64 11
50 13
16 60
72 13
29 41
46 20
20 48
42 56
62 35
55 14
63 38
3 29
38 59
51 10
27 1
30 7
54 39
39 61
31 30
13 46
7 71
32 69
1 18
53 42
46 41
10 36
16 34
17 25
17 18
16 55
1 38
47 2
4 35
41 49
17 28
76 17
27 47
70 1
42 14
19 46
50 1
39 25
31 27
57 42
21 14
85 9
91 10
20 58
14 17
51 15
21 79
3 95
37 49
50 46
46 55
53 2
47 33
11 88
49 34
1 37
25 64
30 63
4 73
20 74
43 38
44 44
29 16
75 6
32 25
54 36
24 46
37 32
15 67
91 6
28 71
10 65
24 17
30 23
23 34
10 18
52 42
1 9
72 2
26 52
10 69
51 27
53 3
48 2
2 21
9 91
7 28
17 58
1 60
47 50
51 3
43 39
11 40
55 43
2 89
24 3 13
9 8
13 8
3 10
24 3 17
9 8
13 8
17 8
24 2 6
9 8
13 8
24 3 7
9 8
13 8
17 8
24 3 6
9 8
13 8
17 8
13 73 12
9 2
13 1
8 1
4 8
5 2
5 1
5 2
2 6
1 1
2 10
11 3
6 5
3 5
7 1
8 3
8 4
5 7
9 4
3 7
4 5
5 9
2 10
7 5
1 8
2 10
5 6
1 3
2 7
12 2
4 2
5 7
4 2
4 9
7 7
4 9
1 11
2 8
5 6
2 5
4 8
11 3
8 2
5 6
8 1
2 2
2 3
1 13
11 3
6 4
9 3
2 8
7 3
4 8
7 6
6 4
6 8
2 11
5 2
11 3
2 9
9 4
6 7
3 8
7 5
3 10
1 1
7 5
10 1
12 1
4 6
6 7
6 7
2 8
2 1 1
2 1
24 1 18
9 8
100 1 10
1 100
24 3 1
9 8
13 8
17 8
24 2 21
9 8
13 8
100 100 89
47 12
90 1
35 13
9 23
28 21
29 72
44 10
61 34
38 5
42 42
58 35
79 16
4 17
17 21
2 35
46 45
38 18
63 14
34 52
1 54
41 46
54 14
20 27
68 7
5 24
19 14
72 13
44 17
34 42
51 3
34 2
74 15
95 3
10 13
19 71
10 44
10 3
28 51
23 4
43 26
52 20
11 46
20 45
10 27
34 35
14 15
25 12
22 61
86 12
43 43
19 59
11 38
15 15
4 56
32 68
39 40
50 14
30 9
51 7
45 49
15 40
22 58
40 30
36 7
11 33
16 75
63 9
2 3
32 23
34 19
39 56
8 44
52 6
86 15
54 29
3 73
48 36
53 33
42 11
50 21
13 82
8 64
57 3
8 31
33 1
27 24
14 47
54 4
35 19
58 43
68 27
76 13
45 50
37 63
7 70
60 36
24 7
23 6
18 71
56 27
24 2 3
9 8
13 8
24 3 18
9 8
13 8
17 8
8 39 7
1 2
2 5
5 3
5 1
1 6
3 1
1 3
1 8
3 5
5 4
2 3
3 2
1 2
1 2
2 6
1 2
7 1
4 5
2 4
4 1
3 5
8 1
1 4
8 1
4 4
6 3
4 3
1 2
5 4
5 3
1 3
4 5
1 6
4 5
4 1
3 1
3 3
4 2
6 1
24 3 3
9 8
13 8
3 10
100 100 38
75 19
65 4
57 43
55 5
19 42
27 46
19 37
7 6
39 49
2 81
32 27
3 12
78 12
50 8
41 5
34 26
39 44
59 41
33 22
31 10
8 7
63 18
47 41
34 14
41 34
24 45
52 6
43 12
18 31
17 14
73 22
32 64
29 11
41 14
3 34
17 42
57 41
2 94
79 6
70 26
6 2
15 12
65 17
8 12
36 57
19 43
15 76
22 76
82 10
43 8
28 27
55 16
11 88
23 31
34 38
15 18
14 77
85 11
18 58
50 19
11 36
16 10
12 4
2 70
57 38
86 4
14 20
35 43
3 3
58 13
66 34
8 12
72 5
57 24
8 51
65 7
13 84
80 20
77 10
48 48
98 1
14 20
15 85
17 40
58 9
46 55
47 6
4 6
38 59
62 8
90 9
26 51
54 19
68 28
15 63
42 52
54 19
84 14
26 37
31 5
1 1 1
1 1
24 3 10
9 8
13 8
17 8
92 71 59
25 35
45 30
21 56
10 14
41 48
46 23
7 42
8 61
25 2
28 8
13 59
31 44
51 32
42 16
18 52
2 11
55 23
55 20
21 34
10 27
2 32
41 49
36 54
57 10
56 4
31 50
81 12
76 5
8 49
28 58
43 39
1 61
59 28
23 43
72 7
49 25
14 68
6 11
55 35
71 16
44 25
14 8
45 30
29 55
4 74
10 41
44 10
19 44
54 2
36 53
54 21
13 55
19 22
19 50
3 42
67 16
46 18
1 62
50 17
9 8
15 75
38 41
37 27
10 63
12 25
23 8
21 8
3 77
56 18
64 3
5 62
24 3 21
9 8
13 8
3 10
24 3 10
9 8
13 8
3 10
100 100 78
8 46
24 34
21 15
81 13
55 41
26 57
11 55
60 38
77 13
18 5
24 14
30 51
8 47
17 17
36 63
37 22
6 93
32 68
90 11
50 11
18 36
56 11
81 10
7 39
61 17
19 56
19 42
22 19
17 26
13 66
17 66
41 57
6 16
3 59
26 59
39 40
2 55
27 25
24 58
74 25
51 20
28 54
37 55
91 2
7 39
42 41
29 14
9 22
87 8
22 62
74 22
57 26
10 11
15 19
17 83
38 62
39 43
33 6
24 41
4 84
41 58
15 50
67 6
46 23
29 19
50 9
68 6
28 23
64 19
25 1
38 21
59 40
36 1
3 98
60 6
4 13
34 55
62 14
19 77
8 11
66 14
42 31
62 5
52 45
12 14
26 63
63 14
26 3
26 12
37 17
4 35
9 39
32 23
7 60
3 27
47 9
49 33
68 20
50 25
12 20
24 1 6
9 8
24 3 5
9 8
13 8
3 10
28 93 17
2 22
12 1
21 2
13 6
7 5
11 11
3 20
1 11
4 14
22 1
1 14
3 24
19 7
5 11
8 5
15 11
13 15
4 23
6 17
16 8
14 7
7 1
8 7
23 3
4 11
19 10
3 16
12 1
1 18
18 1
13 6
17 8
9 5
6 2
1 9
4 18
5 8
13 7
16 10
5 21
9 18
14 4
9 19
18 5
17 11
9 12
21 4
10 14
22 1
2 8
24 1
9 1
10 1
6 3
16 1
12 7
2 10
12 14
11 5
23 3
17 12
14 14
22 1
10 13
13 12
18 3
18 9
6 21
18 1
24 2
15 13
9 16
8 1
5 22
1 11
6 19
5 18
21 4
12 7
18 7
7 10
8 5
1 11
9 11
17 10
8 18
13 4
5 1
10 14
15 11
7 4
23 1
1 10
24 1 3
9 8
24 2 16
9 8
13 8
86 3 74
7 21
27 49
15 45
24 3 15
9 8
13 8
17 8
24 3 24
9 8
13 8
17 8
24 3 20
9 8
13 8
3 10
24 3 4
9 8
13 8
3 10
24 3 14
9 8
13 8
3 10
24 1 10
9 8
24 1 24
9 8
24 3 9
9 8
13 8
17 8
42 97 17
8 22
11 31
15 8
23 4
7 18
7 13
28 8
7 21
1 17
18 17
36 6
9 3
13 20
32 4
15 8
7 6
32 9
1 40
6 20
11 29
27 15
1 17
18 25
14 5
27 5
15 3
17 14
33 3
12 6
14 7
2 5
2 30
3 19
25 1
19 3
6 7
22 8
7 15
11 1
3 7
15 7
32 2
16 9
5 31
21 3
19 21
18 14
18 5
5 9
3 40
23 1
18 8
2 2
27 11
15 10
5 17
20 15
12 23
10 26
8 6
10 20
5 6
2 7
32 7
6 30
2 39
3 5
24 16
21 18
9 30
15 4
3 38
3 28
6 26
3 40
22 15
8 8
9 14
26 7
17 10
8 4
16 21
9 16
20 7
3 31
10 31
26 6
30 10
18 11
7 10
6 10
15 12
8 10
12 29
22 10
9 29
5 9
100 100 19
10 47
23 46
25 33
26 65
37 6
58 2
6 25
63 1
82 5
15 12
44 17
31 65
3 55
38 55
52 4
24 22
83 15
36 30
8 34
22 24
15 70
10 33
39 34
12 48
30 65
26 43
6 69
51 1
58 31
35 38
28 24
38 56
23 35
21 4
17 75
3 96
2 82
31 32
44 37
46 52
10 80
44 11
30 14
56 37
3 15
20 59
24 44
35 27
68 21
27 62
49 26
32 36
18 71
26 14
5 31
68 15
28 9
2 65
70 5
62 33
7 86
14 48
68 7
11 43
53 10
1 34
51 44
13 41
14 32
23 13
9 57
9 2
10 10
77 14
46 15
8 55
50 8
23 26
33 21
74 22
6 7
75 17
6 42
11 27
91 5
59 14
34 10
3 75
4 69
23 24
6 67
12 62
9 37
71 12
12 39
7 62
67 27
74 22
18 61
6 71
24 2 13
9 8
13 8
24 3 14
9 8
13 8
17 8
24 2 14
9 8
13 8
100 100 77
30 48
22 13
68 25
36 52
20 66
52 29
25 38
47 32
49 41
14 8
59 41
25 73
14 40
73 6
17 65
30 28
72 5
67 23
51 37
23 65
12 62
16 56
13 51
49 46
21 59
15 41
21 64
10 51
51 43
90 1
38 25
24 35
79 7
44 52
22 22
38 6
22 61
6 72
67 17
65 2
49 22
14 19
25 76
37 48
22 35
17 61
76 16
60 38
29 52
44 53
22 48
68 14
37 26
26 41
88 2
37 24
27 46
62 26
7 57
25 1
22 24
47 21
20 41
32 58
60 23
6 46
8 20
23 57
1 39
56 45
26 69
5 93
95 3
25 18
5 78
15 21
10 11
41 10
42 41
42 40
25 5
4 22
61 20
34 57
41 32
7 60
5 7
14 1
28 8
54 14
50 49
50 23
6 59
2 65
2 96
19 29
65 25
69 27
35 5
28 51
24 3 19
9 8
13 8
17 8
100 1 1
1 100
24 1 20
9 8
11 3 10
1 7
2 5
4 8
24 1 21
9 8
24 1 4
9 8
24 3 17
9 8
13 8
3 10
36 90 25
5 5
34 1
9 10
7 29
1 26
18 7
16 10
8 1
13 8
9 22
16 16
2 17
18 15
29 5
9 2
17 1
6 31
1 9
1 18
6 31
8 5
15 4
14 19
7 25
11 16
12 20
17 5
1 27
28 7
15 22
9 26
16 15
26 8
20 5
5 32
18 1
25 11
17 1
5 28
3 24
6 24
8 8
25 5
4 23
12 24
31 3
26 3
12 7
24 4
18 6
10 10
19 8
19 10
26 11
9 10
12 18
8 25
4 33
22 4
6 18
11 13
23 2
17 17
7 27
5 31
6 30
16 2
12 12
8 28
21 1
9 20
14 9
6 30
14 19
5 12
21 6
15 5
34 2
31 6
12 18
11 25
22 5
15 6
13 13
19 4
13 6
16 15
2 7
9 16
23 11
2 1 1
1 2
18 15 15
11 8
1 15
1 9
14 2
6 2
1 10
7 12
4 1
1 13
2 10
8 4
14 3
3 5
5 11
10 1
16 44 11
1 9
11 1
2 8
14 1
5 4
9 1
6 4
8 9
9 7
2 10
7 10
1 3
6 2
1 4
7 6
5 3
10 5
4 3
6 10
3 13
8 6
1 12
10 6
5 1
1 12
8 2
2 9
13 2
1 4
4 11
3 7
3 3
8 5
6 5
9 3
8 8
4 13
3 11
1 8
9 2
10 4
7 6
1 5
1 16
87 62 17
7 17
36 8
36 12
15 30
61 25
78 6
27 33
8 47
35 9
27 24
1 55
6 60
6 20
1 52
46 10
37 15
25 25
49 6
30 44
25 32
20 11
27 10
42 36
10 77
21 43
11 35
23 34
12 10
53 12
42 43
30 47
1 54
27 39
34 12
56 23
3 45
19 40
41 28
22 34
62 22
38 10
47 13
8 38
38 43
34 29
18 36
23 23
32 35
4 73
66 18
19 42
56 1
25 2
31 44
7 47
5 8
64 6
19 52
48 1
10 52
11 38
50 10
24 3 16
9 8
13 8
17 8
