10000
10 73
9 13
7 64
9 1
7 21
4 13
10 15
8 0
1 79
2 10
4 52
6 89
4 77
5 73
5 74
9 36
9 95
6 8
4 92
6 40
9 12
8 29
10 100
1 62
5 26
5 82
1 61
7 41
6 77
6 24
10 66
1 39
3 82
8 94
1 44
6 20
5 81
10 67
4 75
4 22
6 55
4 4
4 24
10 26
8 94
8 60
5 36
5 45
7 3
2 95
6 37
3 0
7 9
3 19
2 7
5 32
4 95
6 23
1 93
3 2
7 37
4 92
6 58
10 42
8 70
2 43
6 45
7 15
10 89
2 95
4 43
1 45
4 42
7 67
2 29
5 64
7 44
7 91
6 58
7 38
4 75
3 63
1 1
10 60
2 33
9 22
4 38
1 32
4 24
8 34
4 18
1 55
6 9
5 11
5 68
8 77
4 59
5 99
8 70
8 6
8 33
9 65
1 83
3 30
5 5
10 64
8 27
3 26
1 90
8 14
3 95
5 72
6 7
9 67
2 84
8 94
8 92
5 95
9 63
10 75
1 2
4 22
6 8
6 71
9 49
1 41
3 71
7 31
6 83
1 42
9 67
2 25
3 82
5 41
10 72
3 25
3 17
3 52
2 59
10 80
4 60
4 21
8 50
9 60
3 71
8 63
8 95
8 41
4 72
6 52
7 41
10 74
8 33
7 76
9 37
4 58
6 67
9 33
9 70
10 65
5 42
8 52
2 7
5 5
2 31
7 31
2 27
10 69
10 35
8 11
6 55
5 51
6 7
9 77
7 45
7 94
9 74
5 10
10 93
1 21
3 70
1 14
7 3
1 94
6 31
2 49
2 61
3 48
8 55
10 79
5 76
10 25
10 80
10 78
5 59
4 83
7 45
5 48
9 9
10 87
7 88
3 15
5 76
6 41
10 100
2 20
8 0
7 13
1 34
9 39
1 9
5 97
2 77
5 87
5 40
6 75
1 35
6 72
5 35
8 87
7 60
2 18
4 33
7 41
6 55
7 69
2 21
10 27
4 37
10 4
6 4
1 63
10 58
7 4
10 69
5 96
10 71
5 92
9 59
6 91
3 13
6 13
1 37
9 88
10 19
8 35
7 77
8 96
10 28
2 83
5 77
4 14
6 8
6 95
8 68
6 13
3 60
2 47
10 70
8 48
10 59
6 94
6 13
9 11
7 4
1 16
7 66
1 99
4 41
9 36
10 92
5 47
7 58
9 57
9 94
6 69
5 44
10 88
2 49
5 40
3 72
1 40
10 3
6 75
2 7
4 97
5 93
2 45
1 53
6 28
2 1
1 96
8 40
1 93
9 93
9 29
6 51
3 95
1 45
5 49
10 92
6 5
10 76
10 2
5 89
6 56
10 20
5 32
4 82
9 55
9 70
9 75
4 85
6 96
4 17
2 67
4 34
5 44
5 2
5 19
9 9
1 3
7 55
10 26
3 98
4 78
4 47
5 66
9 76
6 91
3 51
7 79
4 44
6 6
8 11
1 65
1 77
4 0
1 26
10 94
4 29
1 87
1 18
1 70
1 99
10 89
8 7
7 34
2 45
3 40
2 24
1 16
9 95
8 68
6 73
8 22
5 21
8 60
3 51
3 49
3 8
3 50
2 45
8 78
9 91
4 37
3 4
5 69
1 88
4 2
5 2
4 57
4 75
3 83
2 15
1 5
7 59
4 41
1 58
3 51
10 72
5 52
10 16
5 1
1 51
5 15
8 37
4 87
2 88
1 6
6 22
3 64
9 89
1 96
10 15
3 31
10 67
10 31
8 40
7 88
5 72
3 74
4 68
10 32
4 26
6 30
7 100
7 70
6 35
1 95
10 89
6 29
4 13
5 8
3 50
7 37
6 64
2 54
8 25
9 60
9 58
5 40
7 93
6 69
6 7
4 32
10 15
2 19
4 43
10 54
4 98
3 86
6 75
9 7
2 30
8 88
5 29
10 43
1 48
2 87
2 42
8 5
6 85
5 87
10 36
4 12
3 82
6 76
1 16
4 46
3 42
8 5
4 4
2 89
2 16
5 11
8 98
7 55
9 85
8 24
9 4
6 51
3 27
7 25
3 12
1 34
6 19
9 27
4 94
4 99
8 64
9 10
6 67
5 83
7 18
7 81
2 65
4 95
7 81
5 78
10 27
7 77
4 75
6 3
6 8
1 75
1 5
6 98
4 6
10 92
10 93
9 29
2 20
2 73
1 1
1 57
4 5
6 8
5 95
1 86
4 60
7 92
3 65
7 97
1 31
2 99
5 69
5 35
1 69
6 80
4 14
7 95
9 49
8 2
8 4
9 74
3 20
2 67
6 1
3 9
10 81
2 98
9 12
5 13
5 24
10 44
3 40
6 30
9 72
10 44
6 88
8 85
10 79
8 27
3 23
6 76
7 8
3 29
6 32
1 13
9 69
9 24
2 98
10 0
10 40
5 46
5 22
1 3
7 91
7 35
3 6
1 43
8 94
2 94
5 33
2 27
5 12
3 26
9 2
6 33
10 43
6 54
8 56
4 94
2 11
8 19
10 71
6 40
5 27
8 57
7 49
4 96
10 54
3 38
5 43
6 58
8 24
9 33
6 13
5 30
9 64
3 41
4 66
4 42
1 19
7 67
7 95
3 72
5 12
5 58
8 56
2 48
6 75
10 73
10 97
10 47
3 32
2 38
9 95
10 14
8 85
1 95
9 32
4 28
5 10
7 37
5 89
4 41
8 94
10 35
4 6
8 34
9 75
3 23
9 47
9 9
6 100
7 65
1 56
9 29
7 25
9 75
9 31
7 23
7 29
5 42
6 100
10 66
9 61
4 4
2 88
6 15
7 66
6 20
3 72
1 4
7 60
8 52
7 68
5 53
7 7
9 43
6 70
6 83
2 13
7 86
4 87
5 65
4 69
9 69
6 37
8 99
10 80
7 9
4 46
6 53
4 46
10 4
2 4
10 27
7 99
9 86
7 72
6 60
7 13
6 36
1 81
2 63
7 70
9 33
7 40
8 42
7 50
4 19
9 25
8 78
1 33
2 16
2 16
6 46
2 15
6 88
5 3
2 88
5 10
4 1
9 16
10 1
9 78
9 23
4 68
3 58
9 16
10 21
1 54
3 44
5 26
9 99
10 95
3 30
4 31
3 19
10 9
1 57
5 16
7 47
6 5
6 72
4 58
9 73
7 34
2 84
7 33
1 78
5 23
5 44
3 31
1 83
4 22
5 83
1 0
10 62
5 74
2 68
5 5
2 15
1 41
5 43
7 56
5 34
8 20
8 60
10 12
8 19
8 34
2 11
2 6
9 79
9 39
9 8
9 30
5 95
9 69
9 0
2 31
7 53
3 95
9 40
1 80
6 10
2 66
4 69
8 14
7 96
5 52
3 72
3 59
1 3
7 91
5 24
1 12
3 93
4 49
5 41
1 89
8 75
3 78
4 21
6 0
8 2
9 23
4 27
3 97
4 16
7 42
5 53
2 38
5 95
2 27
5 83
1 50
10 31
9 64
1 65
3 78
3 16
9 46
8 24
8 15
9 73
10 65
2 78
2 87
8 92
9 76
1 24
3 15
10 94
1 87
7 5
7 2
6 26
5 40
8 77
10 67
10 48
7 98
9 4
7 35
10 36
3 84
10 9
10 46
3 45
1 78
4 77
5 96
3 77
3 8
4 10
3 79
8 12
7 1
2 12
4 2
7 61
8 52
10 17
8 42
1 43
4 76
2 55
7 8
7 78
6 59
6 12
7 38
10 73
5 42
5 96
6 62
4 29
6 15
3 15
9 21
1 31
5 80
8 3
6 51
6 49
1 6
7 54
8 7
4 70
7 100
2 91
9 26
3 72
1 90
7 9
10 90
5 68
6 66
8 90
4 0
5 96
9 16
4 67
9 90
4 29
8 45
5 85
7 23
7 38
4 34
4 39
4 77
3 32
1 44
3 49
3 35
9 86
7 60
1 28
7 19
4 52
8 45
6 45
8 21
9 76
7 68
4 72
10 32
10 25
9 100
2 88
8 27
10 98
8 70
9 27
8 62
8 24
10 53
6 28
2 88
9 52
3 35
3 42
6 97
1 99
9 87
7 25
1 43
10 26
9 8
6 81
4 30
7 61
5 19
9 13
1 21
7 42
4 23
4 12
1 98
8 84
5 62
4 63
6 47
1 22
5 68
9 40
5 33
10 100
10 35
5 51
8 92
9 70
7 40
2 8
3 96
10 80
1 96
6 7
1 25
10 90
9 78
3 74
2 30
10 37
6 99
9 62
5 40
2 95
4 36
3 19
3 55
1 93
5 32
6 88
8 59
1 49
5 73
8 61
6 14
7 66
2 68
9 36
6 32
6 74
8 99
8 26
5 20
3 64
5 21
6 48
4 83
2 61
1 29
5 6
3 63
6 56
4 46
3 53
4 26
10 8
10 50
2 66
6 59
4 25
10 83
6 58
7 15
4 58
1 3
2 43
9 40
6 45
3 72
5 49
8 74
10 4
1 51
1 24
4 35
2 79
3 98
10 64
4 62
5 61
6 13
2 13
9 29
2 35
8 44
1 41
3 33
8 20
5 85
6 51
8 38
10 24
8 97
7 22
4 12
4 6
3 78
8 99
2 84
3 67
3 44
6 51
1 44
6 77
5 47
9 55
8 79
5 24
3 57
2 86
5 95
3 45
9 69
2 55
6 77
7 90
7 70
1 62
6 58
2 67
9 15
4 61
3 49
1 32
3 1
3 99
8 55
4 14
3 4
4 50
1 18
1 20
1 75
4 90
10 44
5 97
1 94
2 49
1 39
3 80
6 72
10 92
6 54
1 52
2 79
9 28
9 26
7 73
5 3
9 61
9 2
2 43
6 64
10 17
4 92
8 75
10 79
7 74
7 20
6 97
8 36
1 2
8 77
10 22
3 60
4 67
8 18
4 17
7 27
5 13
8 69
7 93
1 21
5 48
3 42
4 97
5 98
3 49
4 91
3 60
3 50
6 65
3 7
6 24
6 39
1 31
8 6
6 56
3 87
7 43
6 75
2 32
3 26
4 55
6 73
9 78
4 51
5 28
2 75
1 81
3 71
8 21
4 27
6 51
4 27
8 41
5 27
2 21
10 76
4 55
6 1
7 88
3 97
1 14
5 4
6 46
3 71
1 0
9 43
8 44
5 13
2 41
5 18
5 85
7 54
3 51
6 59
10 98
3 57
5 3
8 36
3 14
5 48
1 63
10 26
1 30
3 7
6 100
2 40
5 72
8 69
9 11
4 69
8 10
2 56
7 12
5 7
7 69
8 31
9 25
2 10
8 77
10 23
10 1
10 14
6 78
6 91
7 77
6 85
7 11
10 92
3 60
3 19
9 79
5 56
2 55
10 51
10 93
1 13
4 17
10 78
6 5
8 28
5 36
4 71
1 64
3 83
3 64
1 7
8 34
6 99
3 37
7 72
8 99
5 18
1 9
1 9
1 1
8 47
4 46
1 78
3 90
2 77
5 62
6 97
7 2
1 44
5 68
2 31
5 11
10 21
2 67
10 38
7 34
2 53
6 56
3 1
1 11
6 99
5 53
5 21
9 63
1 17
10 59
10 92
1 68
4 88
5 48
10 12
4 83
10 11
9 33
6 39
9 80
5 13
3 85
4 84
4 18
10 7
6 19
8 70
5 66
3 75
10 93
1 90
1 37
6 28
7 13
4 70
9 86
8 54
4 12
3 56
1 85
2 78
9 47
8 81
7 70
10 49
1 33
3 99
6 31
7 100
1 79
5 40
2 68
4 18
6 37
9 23
4 61
6 75
5 49
7 3
2 20
2 21
10 28
8 42
9 78
6 2
5 77
4 25
2 49
10 35
10 64
8 70
2 22
1 57
4 73
3 90
4 69
3 97
6 31
2 21
8 45
10 97
9 50
1 73
3 76
6 66
2 66
6 6
3 77
2 12
1 27
10 84
4 13
5 80
6 36
8 70
7 7
1 98
7 43
6 37
7 25
5 0
2 43
8 74
1 87
3 5
2 47
1 88
2 67
6 30
2 53
7 98
5 59
8 90
1 91
2 54
10 14
1 30
2 16
9 72
3 10
9 23
4 55
10 78
9 31
3 19
3 83
5 68
8 23
6 2
10 32
9 95
5 47
6 9
4 34
9 100
1 35
2 74
8 22
1 77
8 46
9 70
8 57
5 81
4 86
5 99
2 30
2 41
10 81
6 85
10 13
6 14
7 93
5 75
4 77
9 65
4 23
1 3
6 58
9 5
4 33
5 74
9 50
5 59
6 59
6 78
2 6
5 25
9 86
3 78
1 78
5 57
1 54
10 96
9 73
5 36
1 0
6 43
10 45
4 79
8 39
1 28
5 93
2 56
4 48
1 28
9 50
3 21
10 88
6 68
6 44
10 53
9 40
8 41
9 49
6 71
8 17
6 36
8 66
1 25
2 46
4 54
9 70
9 10
5 81
6 85
2 16
5 79
8 12
9 81
6 99
5 47
3 2
10 24
1 79
6 93
3 53
4 55
2 30
4 27
8 20
8 64
1 59
1 60
5 9
6 68
8 51
4 77
1 43
9 59
7 88
1 89
4 80
5 34
9 65
6 83
8 68
10 44
10 25
4 8
1 92
8 32
10 2
3 3
4 33
10 26
10 79
9 17
2 52
5 20
6 53
6 32
6 14
4 78
8 14
4 58
7 33
3 35
9 12
3 67
2 43
9 10
10 69
3 70
2 95
5 47
6 51
7 2
9 15
2 94
4 24
3 100
7 11
4 6
10 55
2 78
10 16
6 50
10 87
1 32
3 72
5 88
7 91
1 72
7 29
3 83
6 70
2 45
1 86
10 15
7 87
5 88
5 100
1 18
2 68
7 64
7 61
2 73
5 73
9 75
6 87
6 26
6 36
3 66
6 46
2 33
6 8
1 15
6 27
7 100
7 18
7 27
10 29
1 46
8 51
2 9
2 32
8 51
4 49
2 54
10 53
2 26
7 46
2 35
10 33
5 85
7 50
9 96
10 72
7 92
10 48
4 17
7 100
3 17
5 100
8 68
3 90
1 12
2 60
4 51
6 95
8 4
8 46
6 78
10 57
10 87
8 94
4 37
2 100
4 8
8 88
9 16
4 93
3 11
4 49
1 94
4 57
8 32
5 66
5 83
10 25
1 79
4 61
1 19
2 61
7 32
2 89
8 75
9 47
6 77
4 87
4 80
4 64
5 21
5 8
10 10
7 66
8 51
9 18
3 56
3 55
4 74
1 95
5 91
6 76
6 58
2 93
6 100
4 58
6 76
9 97
1 39
9 7
2 34
8 52
10 42
8 85
4 27
9 63
9 95
5 36
3 6
4 64
3 45
2 35
8 69
3 3
6 81
9 55
10 83
9 86
2 92
7 68
5 31
5 77
9 10
3 53
2 15
9 12
8 20
5 9
2 12
4 39
7 25
3 88
7 40
7 51
5 33
10 30
6 78
2 44
10 83
9 78
7 61
6 17
5 37
7 37
9 1
6 74
2 24
9 97
6 67
5 14
8 57
5 85
9 27
7 51
8 70
3 15
5 65
7 69
10 47
5 28
1 9
1 19
7 18
8 43
9 68
3 21
6 20
9 73
8 96
6 43
3 37
8 41
3 36
9 99
10 65
3 7
8 66
8 61
10 89
3 66
3 96
8 45
10 35
9 79
1 52
7 44
10 90
8 54
7 87
8 91
5 94
9 72
9 8
7 79
4 88
8 7
10 16
4 65
5 75
5 68
9 77
2 0
6 24
5 92
5 68
5 90
6 28
3 89
9 12
6 18
6 35
1 8
5 50
10 35
3 40
1 36
7 92
7 79
1 46
2 38
4 45
10 18
6 39
8 92
8 22
10 30
2 0
2 21
2 91
3 69
7 41
2 22
9 76
7 16
7 16
2 61
10 35
2 7
4 96
3 98
9 64
3 82
3 76
1 74
7 29
10 44
8 44
9 88
10 66
8 65
3 36
3 20
7 98
1 99
1 32
1 97
8 86
2 55
5 48
2 54
4 20
1 100
10 41
1 49
1 99
10 67
1 85
2 56
3 44
4 26
9 75
7 85
3 35
8 61
1 89
2 27
7 48
10 89
3 3
2 87
4 69
10 45
6 65
10 80
3 93
10 11
5 49
3 76
5 67
3 100
7 88
5 69
3 18
3 35
5 23
3 53
1 44
7 56
7 80
3 46
7 67
1 85
9 36
4 45
10 93
8 9
9 72
9 49
5 94
7 17
9 77
5 39
1 17
5 38
3 3
2 87
1 47
4 17
10 93
6 36
8 78
4 34
8 29
5 60
5 1
5 42
6 92
3 82
6 85
6 52
5 77
1 62
6 50
9 78
8 87
2 39
10 59
3 73
10 31
1 19
7 3
10 63
4 49
8 87
3 33
3 94
4 38
5 83
10 87
1 74
2 19
2 13
8 73
3 82
4 15
5 25
4 20
3 32
7 33
8 20
5 63
2 21
3 19
1 10
9 85
10 9
2 20
9 40
9 0
8 29
10 53
5 4
4 25
5 59
6 76
3 26
1 82
5 40
3 76
2 86
6 56
4 1
10 29
8 42
6 10
10 57
7 89
5 74
1 51
4 17
9 45
4 37
5 16
5 22
4 0
5 96
4 42
5 15
10 23
7 52
1 99
5 73
10 72
7 59
7 85
4 8
3 6
6 35
4 78
1 72
9 47
2 99
1 16
3 65
4 56
3 53
5 92
3 63
1 3
8 34
5 55
7 16
5 95
4 11
10 89
7 93
10 7
5 87
5 58
8 4
7 46
9 18
8 38
3 11
7 78
10 26
8 44
10 18
1 90
8 35
2 53
2 22
5 48
7 51
9 39
4 34
3 86
8 19
2 67
4 83
8 84
6 65
3 40
9 62
4 40
8 29
5 13
10 42
9 6
4 33
4 24
1 83
2 60
8 40
2 5
9 4
1 8
4 83
9 33
8 10
2 21
3 11
4 63
10 6
5 72
8 11
1 100
1 15
8 44
1 17
5 27
1 37
5 52
7 95
5 51
6 44
9 40
8 29
10 6
10 94
2 70
8 39
1 34
3 57
3 85
8 28
2 39
10 75
8 10
3 27
6 42
10 99
4 94
8 1
10 72
3 7
2 68
5 43
2 12
6 45
1 5
5 89
3 18
4 51
10 46
3 4
5 91
5 70
2 14
10 48
3 60
9 94
9 37
5 16
7 42
10 38
1 30
4 33
1 61
7 96
2 81
6 97
10 46
5 76
9 20
9 79
1 82
10 40
8 97
4 90
6 69
4 75
6 1
10 18
1 22
4 14
3 7
6 66
8 92
1 66
9 1
9 84
1 23
4 45
2 15
2 3
9 0
1 75
5 88
4 35
7 68
5 55
9 53
6 11
4 11
8 40
7 29
7 29
6 18
6 3
3 85
3 47
8 2
5 15
7 10
8 4
8 50
6 83
10 59
7 97
3 14
5 48
9 19
9 9
3 73
6 74
1 64
5 11
1 75
4 9
3 71
9 7
9 83
3 73
8 14
8 39
9 28
9 74
8 58
3 64
7 97
5 93
7 71
7 3
5 94
4 59
2 54
1 8
6 2
2 15
8 69
4 92
5 73
1 77
8 68
3 95
5 63
8 67
8 31
9 14
8 12
8 25
9 35
8 73
1 63
1 3
4 45
6 16
4 11
5 72
5 86
9 54
2 41
6 72
1 73
2 85
7 58
8 7
3 34
6 26
10 18
4 93
1 79
2 82
8 53
10 31
10 94
2 80
2 41
4 58
7 21
4 33
2 19
8 54
2 69
8 10
2 9
7 87
5 90
9 8
6 94
8 85
7 67
6 51
6 19
5 100
4 84
6 53
6 5
3 74
4 22
2 50
6 65
10 93
5 58
6 61
10 26
10 37
10 78
1 27
2 20
7 3
5 56
10 0
10 100
2 19
5 93
2 49
4 59
3 6
1 15
1 75
8 14
8 64
1 69
8 98
5 86
2 58
1 52
5 94
5 100
8 39
9 94
8 65
9 8
4 47
2 52
3 50
7 92
3 58
5 85
4 2
3 4
4 2
8 34
1 42
8 50
7 75
9 94
8 44
7 59
2 59
8 69
8 65
4 0
2 4
7 3
5 16
4 88
1 82
2 4
3 18
2 67
9 23
1 32
3 9
2 25
3 85
1 99
7 79
9 1
9 5
4 12
1 77
4 1
9 68
5 9
6 31
4 29
4 37
10 45
8 34
6 16
6 98
2 84
3 81
4 48
5 28
1 17
5 43
6 47
5 73
1 69
3 14
3 4
1 84
5 2
3 97
2 61
7 68
1 40
2 46
7 71
2 98
2 4
5 80
8 47
7 54
10 80
2 19
1 0
7 40
8 6
5 1
3 1
2 87
4 41
8 15
5 64
6 39
5 21
7 7
6 14
4 70
10 61
2 13
6 46
1 88
7 30
6 73
9 27
10 76
8 51
7 45
6 32
7 64
8 83
6 26
8 47
2 7
6 99
5 72
6 96
1 5
8 36
7 24
4 64
9 22
7 3
1 26
5 78
8 78
9 61
8 75
9 43
3 75
4 62
10 69
7 80
6 71
5 74
10 36
4 69
7 65
7 99
10 2
1 17
4 30
10 19
10 79
1 72
9 0
4 93
10 47
5 45
7 57
4 73
6 2
6 95
9 29
1 96
7 15
9 56
5 84
4 24
5 34
4 62
1 20
3 90
8 94
4 68
7 73
8 7
10 19
9 47
7 77
1 33
3 87
1 51
5 82
8 34
6 40
9 15
2 10
5 89
7 73
9 19
3 2
10 30
9 70
6 65
7 80
1 15
8 91
5 40
2 46
1 52
3 90
7 50
7 0
1 48
1 15
8 47
6 60
9 41
4 8
7 60
3 88
2 45
8 86
8 58
4 96
8 32
9 23
2 65
10 67
5 80
9 30
5 92
3 71
9 21
7 51
9 2
2 76
4 83
5 83
6 65
6 77
10 1
10 91
10 90
3 6
8 50
6 72
3 49
8 50
6 38
3 24
5 15
10 24
6 98
5 44
1 85
7 90
6 96
1 45
6 72
10 54
9 64
8 26
9 60
5 11
7 28
5 49
6 93
7 6
9 11
2 89
9 35
8 98
5 90
9 2
1 71
6 66
2 4
7 73
1 67
7 36
3 75
9 81
3 90
10 71
8 57
7 27
1 37
10 34
1 68
5 12
6 36
2 29
6 73
6 65
2 91
7 54
3 55
10 31
5 11
7 30
7 36
9 87
10 87
4 21
10 73
6 100
8 96
6 51
1 70
5 66
6 76
5 7
10 59
7 49
5 80
1 6
9 45
10 66
4 32
10 49
5 89
3 61
3 22
8 73
5 30
1 71
10 81
1 85
1 9
10 75
3 41
8 9
2 37
1 36
3 64
8 11
5 78
1 71
3 50
2 85
3 39
3 55
9 82
1 58
2 65
7 69
5 45
9 85
7 59
2 23
5 4
7 54
2 45
6 54
6 91
5 58
8 7
1 38
3 11
9 78
6 42
5 86
4 34
9 80
10 60
3 40
2 25
6 16
3 53
4 23
5 32
2 7
3 17
4 2
1 44
9 43
9 82
4 85
4 40
1 75
1 69
2 52
8 47
5 61
7 70
8 61
6 48
2 63
4 24
8 59
4 69
5 21
4 94
7 6
9 24
1 61
9 85
4 42
7 18
5 94
9 61
1 67
2 93
5 97
1 40
6 83
2 0
3 45
8 75
3 92
5 17
2 20
10 49
8 50
4 11
6 94
10 56
7 80
10 51
7 82
10 30
8 5
7 38
6 81
2 12
4 88
4 72
4 52
7 35
7 86
9 41
10 55
3 95
1 45
4 20
10 62
6 38
10 25
4 44
2 89
8 17
4 64
7 5
10 6
6 77
1 12
2 14
9 6
4 16
5 84
4 4
3 35
7 94
8 35
3 53
9 66
8 1
1 40
3 48
1 89
7 52
1 69
4 27
2 85
3 50
3 1
3 65
10 1
3 96
8 14
3 38
2 65
10 20
9 13
1 50
8 37
7 74
2 88
5 35
6 74
5 87
1 12
9 71
9 93
2 25
7 62
9 17
10 60
2 30
8 91
8 9
3 60
10 62
3 89
5 38
2 95
5 1
4 43
4 3
9 92
7 42
5 71
2 32
10 28
5 59
3 2
4 30
2 100
10 98
6 78
6 59
7 59
10 32
6 63
9 0
6 61
1 20
6 10
6 20
8 34
3 74
6 74
4 79
5 80
7 75
7 59
7 80
6 3
5 84
10 93
7 68
8 82
6 92
1 0
10 60
2 29
9 7
2 97
1 3
10 26
8 29
7 6
2 48
1 60
8 42
7 5
3 17
1 37
4 24
1 94
1 55
4 5
4 26
8 23
8 46
8 89
3 14
10 76
2 36
7 67
8 41
4 35
9 10
9 94
6 57
5 55
2 75
6 15
3 20
10 53
6 49
6 54
8 91
2 77
5 85
3 37
7 82
8 14
1 34
1 70
7 84
5 89
9 31
6 54
1 26
5 57
4 95
7 27
6 86
5 16
2 4
1 65
8 65
5 95
2 65
8 95
10 59
4 49
8 5
9 24
5 60
1 95
5 65
6 32
2 30
3 85
5 47
7 74
4 68
7 26
8 38
9 5
6 52
2 92
4 9
8 23
4 76
6 29
1 19
4 22
4 42
8 15
9 78
1 14
3 48
4 44
4 37
6 28
6 53
4 44
3 67
2 95
9 3
10 1
9 80
5 3
3 85
6 96
3 15
1 68
5 82
5 75
1 24
6 66
7 86
7 66
7 69
4 45
1 99
6 66
8 76
8 10
2 68
7 49
4 45
9 32
8 53
9 91
4 100
10 36
2 8
1 98
9 33
8 40
10 51
8 7
5 43
9 81
5 92
7 14
8 64
5 20
9 67
9 43
7 64
8 36
2 3
6 37
2 0
4 89
1 1
6 86
4 14
6 39
1 40
3 13
5 32
3 84
8 57
4 85
3 24
9 36
7 58
7 2
9 65
6 30
8 29
4 45
3 35
2 57
7 83
9 16
9 85
2 23
8 17
9 49
2 70
2 27
6 51
8 97
5 62
2 83
7 66
9 98
4 33
8 81
9 87
7 73
7 48
2 97
8 52
9 53
4 38
5 79
7 36
6 30
8 43
1 0
3 6
9 30
4 39
10 36
7 97
3 95
1 87
8 76
9 14
2 43
9 18
1 3
10 38
1 15
2 77
9 55
10 65
8 39
6 24
1 40
7 70
6 98
1 8
4 56
5 14
6 4
7 59
3 49
9 64
4 96
6 75
3 33
5 16
3 30
5 80
3 89
6 41
4 15
10 76
10 48
9 52
1 12
8 19
3 23
9 48
10 43
8 46
5 50
1 21
6 83
7 63
4 48
9 83
2 61
2 89
4 80
9 53
8 44
4 86
6 27
5 67
6 19
5 73
6 44
5 36
6 78
4 81
5 71
10 54
6 4
4 88
5 34
5 52
6 92
10 76
3 88
3 40
7 19
8 37
8 22
9 90
10 2
1 11
1 42
6 21
7 82
9 61
8 61
6 65
2 23
4 97
6 11
10 2
1 67
7 93
1 24
9 76
2 62
5 94
2 44
6 64
5 6
6 89
9 53
9 91
7 48
9 89
3 90
2 85
10 11
8 22
3 79
9 67
4 31
2 87
4 25
4 94
4 16
8 82
6 76
7 43
9 23
1 43
5 100
7 94
3 92
2 62
3 1
4 40
8 7
10 1
1 66
5 35
4 72
6 78
10 77
5 48
2 60
5 9
10 5
5 44
1 9
5 25
9 9
2 14
7 72
8 93
10 16
8 48
10 76
2 61
10 13
10 36
4 7
4 36
2 52
5 63
1 79
9 59
5 79
3 56
8 77
10 31
8 29
10 35
9 64
1 44
10 93
8 67
2 85
10 4
5 58
5 87
9 82
6 28
6 47
3 96
4 41
3 13
1 36
4 23
10 56
7 66
1 2
3 36
6 99
7 66
4 95
7 22
10 67
7 14
10 25
7 17
4 40
8 36
4 77
3 34
1 67
7 89
6 64
2 63
9 29
9 14
4 43
1 98
5 54
3 54
2 72
1 22
4 66
2 27
6 13
5 91
7 48
10 92
8 1
5 10
6 9
6 72
9 89
7 87
1 5
9 93
8 82
4 24
4 95
10 54
4 48
6 63
7 100
1 22
1 29
6 0
10 59
6 99
7 26
1 75
10 79
4 89
6 90
8 80
9 82
1 63
2 15
6 86
6 61
2 22
1 30
7 63
2 1
5 84
7 69
8 22
2 86
10 0
10 0
9 30
5 94
5 37
2 84
1 28
10 99
6 45
5 48
10 61
1 55
10 84
4 47
1 71
7 43
1 27
3 85
7 8
9 34
9 31
2 46
9 45
9 14
6 31
5 8
9 40
9 56
10 77
1 37
9 81
4 47
6 47
1 75
8 43
6 71
10 100
5 28
10 59
6 21
4 12
9 99
3 40
7 30
8 54
5 20
7 30
2 55
10 74
5 20
9 93
1 67
9 23
2 36
6 23
2 59
10 20
1 87
1 75
5 64
8 2
7 63
10 21
9 49
2 6
2 49
10 61
3 33
6 61
8 50
7 55
7 78
5 53
7 43
1 14
3 38
7 69
9 77
7 25
8 79
8 26
4 3
8 10
5 53
2 47
5 85
3 73
9 31
9 6
5 1
8 74
6 76
1 90
8 4
8 85
2 36
3 75
6 60
1 94
7 22
2 70
8 80
4 21
7 89
6 86
10 35
5 73
3 28
9 13
7 70
6 74
7 46
9 52
7 42
1 48
10 60
4 96
10 12
4 25
1 24
7 25
10 17
4 55
1 6
6 87
6 76
10 45
4 59
6 81
8 49
6 41
8 15
8 32
6 75
6 42
6 17
1 31
1 3
4 22
10 34
1 75
3 91
6 28
2 19
1 53
7 78
1 40
8 86
5 34
9 97
3 91
4 83
9 52
8 48
5 81
3 88
5 45
3 18
9 26
6 26
5 49
4 96
3 24
5 35
3 7
10 61
3 70
8 0
1 72
4 72
9 93
1 90
9 56
6 31
5 99
2 59
7 30
8 80
5 93
8 49
1 92
10 92
1 21
4 19
9 79
3 73
7 96
10 51
6 3
9 61
8 47
1 28
2 12
6 29
3 24
9 70
8 1
4 70
3 29
2 0
5 67
2 56
8 81
10 97
1 37
1 96
9 39
8 8
3 51
3 77
3 9
10 0
10 73
5 35
7 71
10 55
3 31
9 63
7 42
5 55
7 68
8 11
4 28
6 42
8 89
3 45
4 25
10 1
5 29
9 36
9 35
8 3
10 95
7 8
3 72
10 77
10 40
10 0
5 87
6 94
4 15
2 71
4 24
9 31
10 71
8 68
1 72
2 98
4 23
1 51
8 66
1 84
3 87
9 10
2 5
9 83
10 42
7 23
4 42
2 31
2 49
6 38
1 43
5 51
7 63
1 44
10 20
3 49
9 97
2 39
4 96
7 41
2 94
8 46
5 47
9 31
8 76
6 4
8 68
10 78
7 90
9 40
8 40
6 29
7 36
6 69
2 83
4 71
3 1
9 56
9 69
3 48
9 93
8 22
7 97
6 11
3 84
10 20
4 18
6 20
8 82
4 54
9 0
6 60
6 73
10 75
5 19
1 49
7 90
1 100
2 15
1 77
6 65
3 9
6 30
8 80
9 56
6 51
1 34
4 74
7 1
1 2
1 24
5 52
5 6
3 93
2 99
4 11
8 40
10 30
3 70
8 16
9 72
10 15
3 54
4 85
8 38
7 63
9 98
4 27
8 97
1 29
3 64
3 50
4 41
5 71
2 79
2 12
7 88
6 2
6 91
2 2
1 86
9 16
10 9
3 24
1 24
4 63
1 37
4 46
7 33
7 35
7 99
3 6
3 61
10 27
4 77
2 99
4 83
4 100
4 30
8 4
4 96
1 34
1 73
10 10
9 93
4 53
8 96
8 93
5 1
6 64
2 2
2 29
8 14
9 91
9 98
2 33
4 48
3 29
8 55
4 60
5 32
9 93
1 11
2 79
10 66
1 17
3 57
1 56
8 72
9 26
6 100
3 98
3 9
1 69
10 28
4 22
8 85
6 82
6 51
4 29
9 80
7 90
10 12
1 49
8 34
6 3
1 40
7 81
5 91
4 28
1 4
9 0
9 33
9 24
4 49
9 4
5 19
8 85
5 1
4 69
9 2
4 24
8 82
4 77
2 76
2 16
10 77
5 33
5 67
8 88
7 70
10 23
8 14
6 40
3 23
4 39
3 3
6 30
7 93
6 13
5 43
6 97
9 19
5 68
6 36
1 58
7 31
6 22
6 27
4 10
5 8
3 97
7 90
7 95
9 43
4 30
2 61
8 45
2 13
10 0
4 75
2 66
6 97
8 62
10 29
8 88
1 14
10 52
1 97
2 59
7 15
3 93
1 5
2 23
5 92
10 100
7 33
8 42
9 66
10 46
7 63
6 1
7 25
10 98
7 96
5 87
4 98
6 17
6 66
6 74
4 69
8 95
4 71
3 95
8 71
4 79
10 5
10 76
6 31
8 85
4 30
1 90
3 24
4 72
9 71
10 66
6 7
4 18
9 6
10 39
1 89
2 35
3 22
3 51
2 14
5 71
9 77
8 46
4 54
9 41
2 3
7 12
8 10
10 4
3 21
3 42
6 90
7 26
6 16
1 5
7 31
3 73
3 6
5 55
6 38
5 39
2 2
3 64
8 72
6 49
10 24
9 19
10 24
9 22
2 66
7 16
4 1
9 62
1 86
9 20
6 39
10 70
4 84
2 83
10 91
5 49
8 10
9 54
8 83
7 75
8 75
2 23
10 74
7 46
6 58
5 93
3 70
5 12
3 0
2 99
1 96
7 52
2 100
6 61
7 86
1 54
3 79
5 30
6 60
3 52
8 36
8 43
1 97
5 41
2 89
5 80
4 3
8 97
5 73
9 27
4 23
2 81
5 17
6 22
7 46
8 50
2 78
10 64
8 67
9 62
7 45
9 42
9 9
7 21
2 93
6 0
5 20
3 36
8 27
2 36
2 58
10 66
3 18
5 80
6 48
9 10
4 42
6 94
4 8
7 82
2 9
4 54
4 10
6 51
6 31
2 23
9 23
3 14
7 61
4 31
4 76
3 74
7 0
6 75
9 58
6 62
8 84
5 62
7 33
2 44
4 90
10 99
5 22
5 88
1 28
5 48
8 18
2 10
9 82
9 99
4 27
2 31
3 79
9 12
1 5
1 12
9 1
1 56
4 70
7 89
6 82
10 88
2 37
2 49
8 96
3 10
2 10
4 98
3 19
7 35
2 94
8 60
8 25
10 96
9 12
10 39
7 20
9 55
1 80
1 17
9 15
5 3
10 73
1 30
7 53
5 49
7 55
3 15
4 53
8 22
10 29
8 61
2 40
5 1
10 85
7 60
5 7
3 6
3 84
4 66
9 47
7 65
6 2
1 26
5 88
8 17
10 47
1 56
3 99
8 3
3 14
5 59
8 49
2 27
8 44
2 63
10 39
4 95
1 75
5 65
5 72
9 20
9 47
8 40
5 92
1 44
8 96
5 9
9 30
4 34
4 73
10 12
9 64
4 14
6 9
10 24
6 48
4 91
7 78
10 96
4 56
5 67
10 70
1 64
6 75
4 79
1 89
3 51
7 21
4 43
2 28
8 25
3 38
5 78
9 98
1 0
7 45
6 40
3 55
5 94
2 72
5 67
8 28
2 76
2 98
10 26
1 67
2 29
8 82
5 71
7 10
9 31
9 36
2 55
9 44
2 52
10 63
3 69
2 92
10 67
9 69
5 30
1 70
2 21
10 53
1 97
7 69
3 84
6 39
4 20
9 19
3 95
1 55
1 6
1 46
1 20
8 9
2 30
9 47
6 70
1 22
1 17
10 38
6 61
2 16
6 58
2 4
4 7
1 18
7 20
9 35
4 51
8 59
10 1
6 71
8 14
5 6
8 5
1 80
5 82
4 83
7 42
7 44
2 52
1 75
7 49
3 67
6 4
7 29
10 58
4 69
7 71
3 85
7 55
9 65
7 31
9 92
10 2
8 88
5 0
1 79
5 10
2 3
5 59
6 72
9 7
6 61
3 73
3 29
9 72
8 23
8 30
9 41
2 41
9 51
6 22
9 63
5 13
5 71
5 63
3 16
6 68
10 90
8 33
5 40
4 37
5 67
6 75
3 65
7 13
5 1
10 77
8 17
7 11
7 24
3 10
5 51
2 93
6 11
5 89
3 62
6 57
6 47
5 78
1 48
5 69
5 48
8 82
6 25
3 15
9 75
8 1
10 13
1 54
9 66
2 29
10 62
7 64
10 83
9 80
6 77
2 81
6 85
7 5
4 25
7 52
6 64
8 20
3 11
9 21
7 35
7 24
4 25
3 65
2 47
2 32
1 22
8 61
2 88
10 1
3 0
8 14
1 75
6 45
8 58
8 73
7 2
9 16
5 25
4 72
3 74
4 46
4 16
8 24
3 67
4 99
2 12
10 70
6 70
7 83
8 60
10 60
3 13
6 44
1 74
6 37
7 92
10 8
8 45
3 14
9 11
8 65
4 82
2 64
5 24
3 67
6 24
8 75
1 79
6 0
4 89
9 27
2 37
1 51
4 12
7 82
7 66
6 38
8 16
6 65
10 17
3 3
10 7
1 21
3 44
6 7
7 48
5 91
6 26
9 55
5 51
10 75
2 40
7 39
7 94
6 85
8 83
1 54
9 16
7 98
5 27
5 33
9 26
2 87
10 37
9 68
1 86
6 43
4 93
1 47
6 46
7 54
1 91
1 80
5 61
8 61
1 58
2 35
4 39
6 71
2 10
5 21
8 48
9 49
9 90
8 26
2 66
7 52
5 22
7 59
4 15
2 26
9 55
6 91
8 62
5 55
1 41
5 65
3 56
4 94
9 62
1 81
1 26
7 72
1 89
2 68
9 69
6 45
7 98
5 20
9 54
9 27
4 63
8 21
2 67
3 49
10 64
3 59
5 24
10 25
6 14
10 90
5 77
4 75
2 4
4 28
5 40
3 71
1 38
2 100
2 49
10 77
3 4
10 13
10 79
3 29
7 57
9 85
8 84
9 66
5 82
6 64
8 31
7 39
9 33
1 45
6 75
10 56
8 93
2 82
1 55
7 38
7 73
9 10
4 68
1 39
2 40
4 41
6 27
9 86
2 5
1 25
5 95
3 61
3 13
7 84
10 45
1 18
3 65
7 99
1 13
7 45
1 37
7 53
3 18
6 92
1 41
9 94
9 42
8 58
5 9
2 40
3 78
7 92
2 32
5 95
2 19
5 10
10 90
10 76
4 51
2 57
8 10
6 75
6 35
8 70
9 4
1 54
2 73
8 94
7 82
3 69
4 17
8 45
1 29
2 57
1 41
1 42
9 65
4 26
9 61
2 5
9 53
1 8
4 2
3 28
1 41
5 6
6 22
1 76
2 65
1 60
8 15
6 65
1 55
5 51
5 15
1 69
5 17
5 99
3 17
9 43
5 82
10 69
5 23
3 41
7 79
7 39
1 44
9 0
3 80
3 3
8 0
2 100
6 61
1 45
2 31
9 72
9 80
4 31
8 9
1 39
4 85
1 5
9 52
2 48
7 96
8 23
4 26
5 75
5 0
6 39
5 92
10 99
5 50
2 26
3 48
7 50
6 6
8 100
9 81
1 89
2 74
4 25
8 41
5 67
1 22
6 99
6 53
7 78
9 24
3 78
7 79
6 86
9 48
4 65
4 16
2 65
6 92
7 52
3 30
2 51
6 68
3 8
7 36
8 21
9 63
1 9
6 41
4 51
1 3
9 65
4 93
6 78
8 32
8 64
7 7
5 32
7 75
5 40
9 11
7 20
4 66
1 13
6 28
10 53
10 50
1 37
8 69
5 22
1 55
8 45
7 33
10 36
3 13
4 1
10 17
4 20
5 2
7 33
3 30
9 2
2 45
9 8
8 53
6 85
1 1
5 28
5 87
7 11
6 47
7 91
3 1
10 70
5 28
10 27
5 45
7 90
6 19
6 6
4 51
4 0
6 34
8 74
8 66
9 71
1 45
2 83
1 90
6 54
6 43
4 75
2 13
2 98
8 81
3 21
3 69
10 67
10 75
4 4
2 2
3 12
8 32
6 66
5 4
3 52
9 2
4 11
7 73
5 78
6 27
3 46
5 46
5 58
6 58
2 4
3 19
4 58
8 12
9 95
5 38
1 55
8 9
9 10
8 12
1 19
5 75
1 32
10 70
10 93
6 34
5 78
5 46
5 32
8 37
1 43
2 42
8 100
4 98
5 0
10 96
8 83
9 14
9 72
10 8
10 92
7 34
3 9
9 3
10 6
9 64
10 2
1 94
9 56
8 7
8 69
9 22
1 16
7 13
8 32
1 58
7 30
2 15
6 60
1 3
5 98
1 77
10 88
9 1
3 12
5 87
7 89
10 40
7 24
5 55
8 92
3 9
7 17
6 91
9 10
5 6
6 43
3 79
6 1
4 6
7 34
5 23
2 6
2 82
1 89
10 47
10 14
8 22
8 73
4 99
7 68
9 42
1 26
1 28
8 28
2 21
10 74
6 43
4 34
5 18
2 43
1 1
5 43
8 2
10 66
8 76
3 96
10 17
6 73
1 73
10 72
8 3
2 4
4 78
3 70
4 5
9 33
9 22
10 49
8 67
2 47
10 86
3 81
3 78
4 2
3 18
7 9
2 84
10 4
7 37
7 15
7 1
4 46
3 84
10 86
9 11
9 59
8 60
10 100
4 78
10 3
3 37
4 15
1 70
4 72
7 75
8 58
3 2
1 64
8 83
5 24
7 34
3 75
8 58
6 60
7 18
2 64
3 84
7 58
6 11
1 99
10 35
4 88
10 0
5 22
3 1
9 90
6 62
1 26
9 29
6 49
10 11
1 61
7 84
8 61
1 50
6 79
2 29
10 16
7 51
5 77
10 71
1 42
9 40
9 60
1 35
8 53
5 38
8 13
6 43
5 35
4 22
8 90
8 37
7 95
3 99
4 55
3 4
5 48
4 9
3 55
4 69
7 87
1 99
5 89
7 35
5 67
5 84
3 25
6 11
10 82
1 27
1 61
7 45
4 45
5 22
7 51
2 19
5 25
10 65
2 65
8 10
7 4
4 66
4 65
1 54
4 13
2 45
3 7
1 2
8 13
8 92
10 96
1 49
4 17
8 65
10 5
5 96
2 91
4 50
7 90
2 88
10 82
1 30
1 85
1 43
1 5
2 75
8 97
2 17
10 45
1 46
3 82
4 44
8 28
6 62
5 62
7 53
8 85
10 45
3 88
8 58
4 43
7 27
5 46
6 1
9 86
6 81
8 18
4 62
4 41
5 88
3 80
9 4
9 35
3 9
2 20
1 94
7 61
1 97
6 80
5 55
5 80
8 3
10 14
6 84
3 94
2 40
9 48
8 52
5 45
4 64
5 85
6 48
10 8
10 77
2 4
3 74
2 31
9 74
10 0
8 74
3 53
6 98
9 57
4 33
9 63
6 59
6 76
2 66
9 20
9 22
4 99
2 89
7 38
2 86
3 80
4 77
4 52
2 30
10 72
8 39
7 48
10 63
2 63
4 61
1 92
7 45
2 72
9 68
2 59
1 79
1 59
6 30
1 39
9 78
5 87
2 2
4 91
10 92
8 60
1 97
2 82
1 83
5 31
3 99
6 11
7 52
2 71
1 79
8 60
8 55
8 64
10 26
4 37
2 58
9 11
7 55
9 67
10 17
5 75
2 58
6 93
8 39
6 26
1 80
5 0
10 63
3 73
10 45
10 13
7 99
8 87
5 52
8 35
10 58
5 40
10 8
10 27
3 98
7 37
10 100
1 83
5 50
4 55
1 4
4 14
8 34
1 24
8 87
4 43
6 75
6 41
3 28
8 17
2 97
4 47
8 80
7 23
9 25
9 39
2 95
8 12
3 73
2 78
2 30
3 100
4 61
2 14
10 74
8 17
2 17
10 83
6 24
10 79
1 34
4 4
7 62
4 16
2 5
10 9
10 80
2 41
8 63
6 38
1 74
6 80
1 73
6 57
10 61
8 43
10 26
9 94
4 54
3 75
6 93
8 67
10 55
2 47
6 7
10 51
10 51
6 27
8 28
5 54
7 69
6 36
5 26
10 82
6 3
3 61
4 60
5 74
4 53
7 70
9 58
6 37
6 54
10 73
3 83
8 9
5 3
2 54
5 29
4 89
6 50
3 77
6 40
10 25
5 12
1 70
4 1
8 91
9 71
6 62
8 89
1 59
9 2
5 88
5 29
9 25
5 96
7 21
7 52
7 6
9 12
6 20
10 47
4 21
3 84
5 56
10 85
4 5
1 11
7 19
2 46
7 47
9 29
3 25
5 59
5 2
8 85
5 88
7 99
1 41
8 66
10 71
10 59
10 39
2 65
2 52
6 78
10 89
5 20
2 58
2 85
2 56
9 16
3 46
5 30
5 63
10 3
3 90
2 95
7 69
5 37
1 88
7 36
1 28
3 32
9 34
8 55
9 32
2 97
5 1
9 31
2 23
4 15
6 85
4 6
5 63
2 2
5 17
10 69
10 85
3 46
10 52
10 100
5 62
6 43
2 37
9 19
4 31
1 93
4 45
6 100
4 6
6 58
10 87
4 18
9 100
3 18
9 66
3 7
6 4
5 45
2 35
9 82
3 46
8 91
10 37
1 97
10 84
3 44
3 96
8 100
8 35
1 74
5 25
5 66
1 42
6 90
9 27
2 2
4 43
8 38
1 55
1 14
9 83
5 69
10 91
9 57
1 63
10 41
5 27
8 26
6 60
6 59
6 74
4 60
8 60
6 15
4 41
6 45
8 78
10 89
2 35
8 36
1 54
2 91
9 33
5 52
10 28
3 94
2 18
4 97
5 22
2 77
5 12
2 12
10 49
4 1
5 37
10 98
2 6
4 74
2 19
4 37
1 81
8 88
6 9
1 89
7 96
8 61
9 49
4 95
6 98
7 16
10 40
9 74
3 14
9 72
5 41
4 77
4 56
4 26
5 24
8 66
6 79
5 79
5 68
2 4
9 20
3 71
7 10
4 76
9 9
1 13
2 84
10 4
2 28
10 40
2 1
1 93
4 53
9 66
10 90
1 20
7 54
3 2
2 1
2 12
3 94
3 73
8 47
8 10
8 88
6 81
3 64
2 67
6 43
6 48
4 67
2 90
8 82
9 6
7 0
2 14
1 100
9 21
7 77
3 72
7 34
4 33
4 56
7 84
2 58
8 20
7 89
1 17
6 65
2 48
5 61
4 41
2 28
10 31
9 27
3 46
10 4
10 44
6 58
1 20
1 21
3 44
5 73
8 0
1 32
2 21
9 13
5 87
10 28
7 20
2 79
6 22
10 80
6 10
10 76
5 87
9 6
1 13
7 100
5 42
6 74
6 95
4 98
5 15
3 59
2 0
3 93
2 72
7 46
3 94
8 66
2 20
4 32
9 96
10 39
5 9
5 86
5 1
4 64
9 100
9 12
6 25
10 24
5 40
6 82
2 16
1 27
5 62
1 52
6 13
10 68
8 21
1 27
8 49
4 94
9 82
2 31
7 54
1 32
2 41
9 58
10 61
9 24
10 33
1 98
3 73
2 66
9 40
3 76
1 79
3 55
4 25
3 92
10 91
4 17
8 87
10 9
5 36
7 30
6 42
8 43
6 28
3 21
1 78
1 58
6 14
3 62
1 90
4 9
4 11
2 69
1 83
5 94
10 1
2 17
6 68
8 32
9 47
5 31
1 45
7 48
9 84
10 73
8 66
6 45
1 79
4 84
6 23
7 5
3 25
6 9
8 57
3 31
7 18
7 14
3 38
2 55
10 56
7 53
6 71
10 4
6 59
2 51
2 5
1 48
8 88
8 56
7 88
2 75
3 14
5 60
4 68
9 17
7 49
8 14
8 37
3 66
2 61
7 35
10 9
9 16
1 6
8 98
3 92
2 22
10 76
10 76
6 79
4 22
3 14
7 100
1 4
8 99
8 42
8 49
4 8
4 25
2 0
4 76
1 100
10 85
4 23
1 31
6 75
1 65
6 18
8 24
1 39
3 86
9 84
9 44
4 66
10 69
3 39
7 15
4 37
9 35
6 41
4 24
6 58
10 21
1 42
8 46
6 21
7 29
1 46
6 59
10 97
6 44
1 81
8 2
6 42
7 41
1 46
4 75
6 64
7 69
8 48
10 42
5 2
7 96
9 70
9 4
10 6
7 86
5 98
9 74
2 51
5 34
10 11
6 23
4 100
3 8
6 85
2 52
9 60
10 46
8 58
8 54
3 30
5 14
10 59
3 16
3 9
10 60
1 92
6 20
8 67
1 39
7 2
8 77
7 75
9 90
4 31
5 95
10 74
6 47
7 55
7 52
9 63
1 34
2 94
4 83
9 4
1 25
1 47
2 86
6 33
1 66
3 55
6 88
8 71
3 5
1 38
10 95
3 51
7 3
10 19
3 10
7 15
8 100
8 96
6 53
9 43
6 47
7 46
4 98
7 47
5 62
8 38
3 18
9 97
6 23
4 15
1 77
9 88
5 50
10 60
6 41
10 34
10 45
5 67
5 29
8 56
6 29
7 7
7 9
3 4
3 77
1 83
9 82
8 76
7 78
8 8
2 82
9 41
2 77
8 1
3 44
3 29
2 17
9 82
10 88
8 45
7 55
8 36
10 52
8 85
2 50
5 58
2 99
4 6
3 30
1 1
2 48
9 27
6 97
3 78
8 70
7 17
5 31
1 65
8 92
3 65
9 31
6 98
2 21
2 60
1 47
3 55
5 85
5 94
9 90
10 34
10 81
9 40
2 37
1 12
9 13
2 13
3 90
2 96
4 77
7 80
10 9
6 24
10 76
4 32
6 35
3 57
1 100
6 43
7 70
9 12
8 35
1 26
10 74
8 99
3 34
8 83
7 19
9 32
10 7
8 0
8 34
8 65
6 37
4 85
5 30
1 17
8 98
8 15
5 62
5 75
9 99
7 55
2 60
7 73
6 12
3 32
2 12
3 0
1 15
7 12
4 96
2 86
2 51
8 51
6 22
8 23
3 89
3 31
1 19
8 31
2 49
8 75
4 93
8 47
5 19
2 10
1 42
9 1
10 61
4 67
7 93
1 60
8 31
4 3
5 4
5 80
1 65
5 16
6 99
6 98
3 15
4 10
3 92
1 83
6 64
2 96
2 54
7 4
6 84
4 86
9 49
3 16
8 73
4 88
10 51
5 85
3 79
10 75
6 17
2 10
3 39
1 15
4 58
9 70
10 70
5 42
2 39
6 34
6 30
1 58
10 50
4 100
10 65
6 25
9 69
2 39
8 99
5 54
3 28
2 44
3 39
1 29
2 23
6 50
3 1
4 100
4 98
1 81
1 38
2 20
4 49
7 38
3 8
1 92
8 2
7 70
10 68
5 0
7 77
8 42
10 93
1 99
7 84
4 74
10 58
9 7
5 70
1 57
10 7
4 10
7 94
9 61
8 54
7 72
6 21
2 30
4 27
1 19
6 40
10 33
6 55
2 55
8 40
3 71
9 85
1 7
5 60
2 5
6 65
1 80
5 54
9 74
10 38
5 81
8 1
1 33
7 35
8 98
8 25
2 67
10 94
3 50
7 88
5 33
9 2
1 75
6 77
9 10
1 93
1 11
7 99
7 96
3 16
1 91
9 14
8 58
9 62
8 91
8 25
8 73
6 60
6 13
9 52
7 27
8 26
3 99
9 53
8 61
7 44
1 3
4 63
1 84
1 35
10 100
4 35
5 1
7 100
10 13
3 74
2 38
6 42
8 89
3 47
1 45
9 53
5 69
7 17
3 6
3 100
7 89
8 81
4 30
10 5
10 95
10 21
6 29
5 97
3 67
5 9
8 88
9 73
5 13
5 10
6 70
2 14
5 64
2 86
4 97
7 31
7 62
5 77
9 9
3 95
6 54
2 49
10 12
7 86
1 99
9 69
7 83
2 62
9 23
1 70
10 58
2 69
9 71
5 3
8 46
10 83
7 3
5 31
6 79
2 3
7 89
10 64
4 47
1 27
10 13
4 97
7 93
7 66
6 4
5 42
4 24
4 40
1 87
3 99
8 44
6 28
5 1
4 75
8 30
7 74
8 35
9 22
2 28
6 14
10 41
4 97
9 53
3 60
3 29
10 89
2 64
4 53
4 87
3 21
2 88
1 24
7 71
9 90
8 86
6 48
4 99
10 78
4 98
3 59
7 7
6 32
7 28
1 71
5 93
4 91
2 11
4 14
1 10
10 100
4 89
9 70
2 21
1 16
1 88
6 4
7 50
7 43
7 55
2 23
7 55
2 27
2 93
8 50
2 82
10 40
10 85
5 47
7 77
1 97
4 34
8 4
9 47
5 96
2 35
9 5
10 21
10 80
4 8
3 14
10 100
2 93
10 13
2 11
10 87
8 97
3 21
4 73
1 89
8 38
10 50
4 33
8 77
1 11
4 2
4 60
6 5
2 33
1 87
5 44
5 97
1 98
8 23
2 7
7 29
8 89
2 5
9 53
4 18
3 39
3 43
5 1
8 94
2 6
4 52
1 45
8 70
2 70
7 62
5 64
6 5
7 42
9 88
1 73
2 45
4 0
5 40
8 42
6 44
9 71
4 86
6 31
6 18
8 85
7 98
2 90
6 84
7 40
10 52
3 7
8 42
5 36
10 82
7 41
2 8
8 82
3 31
9 69
4 31
6 84
10 8
8 11
6 48
1 33
4 25
1 88
5 11
6 62
5 30
7 84
8 86
1 32
2 69
2 1
7 99
8 7
7 71
2 63
9 96
7 88
2 98
10 26
2 2
5 15
1 20
4 89
2 24
5 34
10 68
3 70
10 75
8 93
4 40
9 34
10 86
8 10
10 76
5 67
8 90
8 45
2 3
6 9
8 58
6 87
2 56
6 75
1 43
1 18
2 26
3 90
2 66
9 30
3 79
10 68
2 58
4 35
4 20
2 8
7 32
7 48
1 2
3 77
6 32
7 67
10 84
1 51
3 46
8 92
3 61
8 0
2 100
9 12
8 49
8 28
6 92
5 63
5 4
4 60
9 77
2 49
6 25
3 90
7 1
6 47
2 99
8 29
8 5
1 26
4 20
7 64
2 11
8 46
8 26
7 22
1 0
4 41
5 28
4 31
5 6
4 64
6 49
3 4
2 35
3 66
7 0
2 13
6 39
5 7
9 63
6 26
7 90
4 28
3 38
1 39
6 29
4 0
3 34
1 25
9 45
10 94
9 18
5 61
4 97
6 19
2 59
5 63
10 96
10 19
5 27
10 69
5 85
10 32
10 79
3 90
1 83
1 27
8 65
9 96
6 5
5 26
7 22
1 85
3 68
8 79
5 72
10 75
3 58
8 61
7 45
6 92
6 55
10 42
7 81
4 59
6 69
6 41
4 88
1 21
6 55
10 100
7 56
4 51
10 66
7 49
8 78
4 80
5 92
6 10
8 4
7 7
4 57
2 53
5 92
10 33
8 16
2 45
4 34
4 34
1 54
7 63
1 97
1 24
6 85
10 53
2 4
10 92
5 88
9 14
7 69
9 79
7 26
8 67
2 86
1 15
9 28
10 27
2 95
7 97
8 8
1 6
6 31
7 90
4 27
7 8
1 57
7 15
4 65
7 89
1 36
4 33
4 54
1 32
3 46
8 11
10 87
1 13
10 97
3 41
10 30
3 84
1 79
10 95
5 69
5 23
3 6
3 77
3 73
4 1
2 53
2 92
6 1
1 55
3 63
8 77
1 66
10 45
8 10
1 64
6 85
4 6
7 42
10 48
8 93
1 45
2 69
1 57
9 20
10 45
5 45
1 48
7 14
5 51
1 58
4 100
1 95
4 85
2 16
10 34
6 55
3 4
10 52
7 71
3 40
7 88
2 34
7 81
3 74
8 64
9 80
3 80
8 94
5 81
10 38
4 97
9 98
3 36
3 76
9 26
10 8
6 97
9 89
4 28
2 42
5 46
1 23
7 69
4 75
7 0
4 54
9 87
5 55
9 17
10 2
5 79
6 95
10 47
3 41
1 74
1 4
7 51
4 91
2 37
1 97
8 95
8 65
10 35
2 1
5 45
7 51
4 80
8 96
4 57
10 16
8 11
6 6
1 80
9 0
9 52
10 38
8 86
3 90
10 46
8 62
5 99
8 82
6 56
3 17
7 38
1 8
2 76
4 63
10 41
8 82
2 59
6 51
7 3
9 92
7 21
5 46
9 23
6 38
9 37
10 58
7 47
4 63
4 31
10 71
3 23
3 39
6 54
6 92
3 75
2 24
2 11
7 63
4 56
2 41
7 53
5 61
5 19
6 10
3 93
5 63
1 61
4 29
6 96
3 48
6 51
1 88
4 62
6 50
8 53
10 56
4 84
6 52
4 70
8 38
8 29
4 72
2 35
6 22
5 9
1 91
7 7
5 51
1 14
1 40
9 54
10 52
1 76
5 81
1 31
3 72
9 88
9 69
2 95
7 48
5 5
4 90
3 91
4 4
4 60
7 86
5 7
7 19
1 64
2 86
4 42
5 40
10 78
10 96
6 86
10 67
8 92
10 50
6 45
2 87
1 94
7 31
9 57
2 56
5 33
4 32
6 73
6 1
4 19
3 47
3 60
1 36
5 44
9 30
9 87
1 17
3 6
6 72
6 4
2 87
9 40
8 16
10 32
4 73
4 20
1 89
1 25
9 19
2 99
2 32
9 37
6 90
3 55
5 76
7 47
4 10
2 61
1 30
2 17
2 24
2 53
3 76
8 66
9 94
2 77
2 90
10 43
2 26
2 23
8 36
10 52
4 75
9 48
3 49
10 2
5 46
6 66
4 76
9 89
2 84
6 94
9 99
6 50
9 0
6 56
2 60
1 1
1 49
5 2
3 55
4 79
8 37
10 84
4 46
7 32
3 2
6 98
6 8
3 65
9 89
1 6
6 94
10 56
7 57
6 59
10 80
6 4
8 47
5 33
4 67
10 87
6 33
5 100
3 8
2 25
7 51
7 37
10 34
8 80
6 80
9 79
8 16
1 75
3 47
4 80
6 10
7 28
3 69
3 7
1 31
8 77
10 87
3 44
6 81
3 14
4 34
7 82
4 43
6 88
8 67
1 51
5 84
9 87
10 80
4 16
5 93
8 84
2 30
4 31
7 95
7 7
5 65
9 95
2 99
7 54
9 31
4 72
4 42
7 63
2 0
5 22
3 88
7 23
1 97
9 62
7 62
8 19
2 17
1 38
8 19
10 53
10 45
1 22
3 78
2 6
3 68
2 69
1 52
6 94
9 67
2 32
4 43
7 38
4 84
8 36
8 74
2 72
10 25
9 18
7 96
7 10
8 76
3 20
7 39
1 76
2 48
2 59
9 29
10 34
9 39
9 51
7 50
7 33
10 92
10 64
8 76
6 18
1 48
7 83
3 91
8 61
5 88
2 96
1 43
2 15
8 57
9 61
7 99
9 61
8 3
9 49
9 83
9 97
6 54
4 33
7 50
1 19
3 63
8 55
4 80
5 45
6 31
1 12
10 60
2 40
1 83
1 93
6 47
5 94
9 54
8 82
7 59
1 100
6 22
8 23
5 22
8 97
6 71
9 2
9 12
6 68
10 12
8 46
9 90
10 100
4 95
3 89
10 85
7 93
7 37
1 41
7 3
10 64
7 70
3 19
7 29
9 9
8 42
2 48
9 94
3 1
5 57
1 44
2 38
3 44
1 48
1 27
1 11
1 91
7 91
2 34
6 63
1 81
7 62
1 69
9 85
10 59
4 56
10 77
8 62
8 89
1 50
7 68
2 15
9 82
1 71
5 91
10 33
3 71
4 23
1 26
7 73
8 63
4 10
6 27
10 64
9 86
1 63
9 89
8 14
5 3
4 66
4 58
10 25
8 68
4 36
7 45
2 95
8 37
8 53
7 83
9 7
10 86
4 56
2 65
9 32
5 85
5 85
5 77
3 75
5 57
4 14
10 73
7 81
10 38
5 83
4 84
1 95
5 68
3 92
2 8
8 36
4 38
9 81
4 94
10 19
10 61
9 61
6 80
5 99
6 70
7 32
2 68
7 80
10 77
2 89
5 96
2 61
10 77
4 2
4 79
9 70
3 95
7 6
10 5
2 32
9 59
4 63
7 72
1 96
3 74
10 84
2 59
6 96
9 53
4 64
2 39
7 99
8 89
4 70
6 88
3 3
2 67
4 67
6 19
7 47
3 10
4 56
6 81
5 29
8 78
4 0
10 98
10 35
1 11
9 58
5 97
5 6
8 63
6 75
8 87
1 3
3 88
7 42
9 57
7 47
2 47
8 63
10 75
8 86
1 95
1 35
8 88
6 4
2 63
4 70
4 30
10 63
3 6
1 60
7 97
2 59
7 83
5 57
8 89
10 11
10 56
10 55
2 19
5 33
10 45
1 38
7 44
9 38
10 0
2 57
5 73
1 76
10 27
5 47
3 0
1 74
7 44
8 12
10 64
10 85
7 26
2 79
6 52
6 97
10 41
1 20
10 77
3 88
3 26
2 4
3 100
3 80
5 50
7 32
3 95
10 14
3 84
10 98
7 70
2 100
9 38
1 75
10 56
4 98
7 48
4 76
8 88
1 76
8 34
8 52
5 8
1 39
4 98
5 99
1 36
9 70
9 44
2 75
4 91
8 73
3 18
4 8
7 40
1 65
3 14
4 90
8 22
5 73
3 54
2 34
3 32
2 7
6 84
4 70
7 20
2 68
8 22
2 54
5 70
2 97
1 31
8 35
9 99
3 17
7 33
5 37
7 16
9 34
10 2
9 58
9 46
4 34
9 76
4 34
9 79
7 85
6 40
4 99
5 28
5 22
10 31
2 87
3 86
5 74
2 43
3 66
3 55
7 16
8 39
8 77
7 99
9 47
1 76
3 86
1 74
3 10
7 14
8 28
5 78
4 87
1 86
3 35
9 77
3 2
4 51
10 44
5 92
7 50
4 87
5 5
3 66
6 30
4 22
8 42
9 25
3 10
7 12
5 4
6 23
1 40
6 82
1 40
7 15
6 37
1 25
1 88
10 91
4 68
9 45
10 87
2 48
3 23
4 7
5 82
10 14
9 69
3 86
8 49
6 96
3 12
10 34
6 19
10 11
7 79
8 98
6 91
4 94
1 76
5 89
8 16
10 24
4 47
5 0
3 60
3 62
6 54
3 27
4 58
6 40
8 91
7 28
2 76
4 53
6 94
5 82
1 41
4 92
10 33
3 46
10 22
6 13
2 46
3 100
5 76
2 25
2 80
8 75
6 45
4 64
1 43
1 98
9 21
4 6
10 22
7 34
4 21
2 58
6 87
10 39
2 33
6 91
7 13
8 65
3 27
1 10
2 6
2 98
10 82
7 50
3 35
5 82
6 71
3 94
5 56
1 88
5 93
7 94
9 33
10 31
9 56
9 84
4 39
8 85
10 9
5 60
5 19
8 10
8 20
2 90
4 36
6 48
7 30
6 85
8 71
10 45
10 11
10 36
9 73
9 56
1 91
3 2
1 94
10 15
5 42
5 29
5 7
10 12
5 90
2 43
1 35
2 41
10 65
7 25
9 43
7 76
9 74
10 7
8 83
6 89
10 21
9 11
8 80
4 61
7 64
2 81
3 63
10 50
8 88
2 5
10 45
2 33
4 41
1 35
2 67
2 84
9 17
7 30
9 18
10 53
1 69
5 4
3 7
10 69
4 31
8 12
9 25
5 3
9 70
2 29
6 44
4 40
2 26
8 16
8 65
7 38
2 78
7 49
1 25
6 64
8 46
10 5
8 95
3 36
3 82
1 74
9 83
5 78
2 18
10 4
1 29
6 32
3 43
1 23
1 16
5 98
7 2
8 67
2 24
2 9
1 16
9 47
9 79
4 98
3 84
6 31
3 62
5 25
3 87
4 38
5 73
2 35
7 82
7 62
10 28
6 85
3 20
1 16
4 74
9 46
5 17
10 87
4 70
6 16
2 77
4 25
9 95
3 86
10 52
9 59
8 16
3 0
4 96
9 56
1 33
5 48
7 47
6 12
10 58
1 74
5 71
10 69
3 97
10 17
6 97
3 28
10 81
8 74
6 0
10 5
3 35
7 59
4 65
5 54
7 26
1 19
3 55
9 78
7 64
9 68
7 91
4 43
4 38
6 4
3 41
10 21
9 36
10 71
4 32
8 88
5 77
3 61
3 28
8 61
3 70
2 90
2 85
7 93
8 82
9 84
10 87
1 21
8 66
3 50
8 48
7 71
9 40
4 41
8 44
8 44
1 25
9 53
7 57
6 45
1 49
3 69
2 70
8 36
9 88
7 18
2 16
1 26
8 48
1 94
10 99
9 5
10 7
1 55
10 23
2 57
6 60
10 77
2 91
10 35
3 16
10 2
4 40
1 80
7 67
10 34
8 86
5 82
2 51
4 42
9 34
4 38
7 30
9 80
7 8
2 81
5 15
5 71
6 41
2 60
1 31
1 60
9 62
3 44
9 10
6 62
1 53
10 35
4 0
1 90
10 4
1 42
10 61
4 89
10 41
9 78
9 12
7 16
9 65
6 7
1 84
2 29
10 84
8 52
10 2
3 64
4 56
10 73
2 67
3 14
7 36
9 40
4 85
3 54
5 63
3 87
4 26
10 35
5 51
2 55
2 17
8 45
1 100
4 15
1 85
5 68
7 73
5 92
9 61
8 27
6 80
5 49
1 88
9 37
9 3
4 6
10 100
5 97
4 33
2 29
5 47
9 87
4 18
9 8
3 21
6 44
6 47
10 84
4 89
9 76
8 63
2 77
10 42
5 96
5 98
8 55
9 99
9 33
5 79
6 92
9 20
5 70
8 6
5 61
10 0
8 6
8 58
3 16
2 74
3 40
9 38
5 59
5 75
6 51
1 31
3 91
9 82
7 1
1 72
9 56
2 52
7 93
9 17
3 71
5 32
4 83
9 91
4 93
2 86
5 93
5 28
3 16
9 38
9 32
1 8
2 92
10 16
5 64
2 56
3 80
4 6
2 6
3 90
2 56
7 100
10 85
2 1
9 75
9 41
4 95
8 76
10 98
3 8
10 2
5 23
3 74
5 4
5 69
1 24
8 66
2 97
1 68
4 80
3 17
1 97
6 26
6 23
4 60
2 59
6 19
3 18
2 8
5 47
10 25
2 91
2 61
8 63
1 11
1 82
8 50
2 32
10 47
4 26
3 5
2 20
4 32
9 38
9 94
5 62
6 48
8 35
6 19
9 93
8 6
8 15
4 84
4 0
3 23
8 11
6 99
9 23
3 44
9 16
4 26
3 70
1 23
9 20
8 11
8 27
1 99
4 71
1 45
3 29
3 15
5 73
4 84
6 19
1 13
4 64
2 75
7 2
10 12
7 19
1 65
3 76
4 7
2 0
2 55
1 76
4 83
1 55
7 76
10 69
9 71
9 1
4 98
9 61
2 91
3 0
8 34
4 34
7 34
1 5
2 11
8 49
2 53
5 98
3 20
6 15
6 15
5 63
10 74
8 28
3 98
2 11
8 59
2 82
9 100
6 44
1 23
6 78
2 53
3 10
9 68
8 34
7 10
7 71
1 16
5 50
3 86
5 34
10 66
4 63
10 11
4 79
8 35
3 63
2 47
3 10
3 3
2 89
10 98
2 51
6 93
7 53
3 84
7 20
2 71
6 61
8 67
5 97
7 72
5 21
8 18
5 33
4 60
8 28
6 32
9 28
8 41
1 79
3 7
7 26
3 96
6 3
8 60
5 58
7 12
10 68
2 97
1 41
3 16
4 51
3 26
7 86
9 26
2 47
8 14
3 95
7 33
8 39
3 89
6 12
6 95
9 70
7 76
9 23
2 5
10 80
2 38
8 2
4 43
1 49
4 53
3 8
10 27
3 45
1 89
9 76
8 34
8 18
7 58
9 77
4 83
9 40
3 11
1 8
3 34
10 16
4 0
3 27
6 14
8 11
3 8
7 26
1 54
2 59
1 22
8 28
5 76
2 92
10 46
1 96
7 57
4 14
10 97
2 76
5 98
6 75
6 80
8 15
5 16
5 59
1 67
3 4
8 77
2 58
7 51
7 43
4 8
9 23
8 44
4 28
2 18
4 74
7 16
5 70
5 10
4 7
9 1
5 21
7 90
6 86
4 30
4 66
9 11
10 85
3 57
9 64
2 32
1 41
7 4
6 61
6 70
4 65
8 63
9 95
8 51
5 81
4 14
6 43
5 43
6 22
2 37
5 31
2 32
2 85
8 59
10 91
6 81
2 46
3 23
10 83
4 47
3 39
1 20
5 16
8 76
8 79
9 13
8 77
3 27
10 1
2 52
1 81
6 85
2 39
2 66
3 90
2 27
5 26
7 82
2 54
5 93
5 75
4 17
2 16
6 40
6 46
2 46
8 5
10 98
7 37
3 43
2 99
8 68
1 76
7 65
2 99
8 88
9 95
9 36
8 89
6 60
9 58
7 51
8 60
7 89
2 67
1 91
5 75
4 84
1 73
3 85
9 100
5 74
8 54
4 17
3 100
8 60
1 93
3 68
2 23
8 60
7 23
7 19
2 9
8 22
9 55
3 49
3 11
4 44
5 8
7 70
5 22
2 99
6 79
4 1
5 8
3 88
10 94
6 37
10 95
8 87
5 70
8 83
3 11
6 100
9 73
4 49
4 13
1 42
8 30
6 53
1 17
3 48
2 84
6 100
1 67
6 68
8 10
1 23
6 58
9 23
4 91
4 50
2 45
9 54
2 3
1 87
4 36
4 76
4 11
10 91
9 61
5 42
2 51
10 30
10 67
7 11
7 38
6 19
3 26
9 51
8 50
10 65
3 29
8 63
9 51
8 6
9 53
8 92
10 5
4 73
3 80
10 92
3 69
2 17
3 31
4 36
9 66
8 59
2 1
7 27
5 54
3 33
10 29
10 32
5 84
1 41
3 61
5 8
9 19
5 49
5 63
8 71
5 15
9 49
6 79
1 50
2 83
8 80
7 78
5 59
8 77
7 47
2 96
10 21
10 76
5 18
3 65
3 59
3 0
4 24
5 38
9 64
10 98
7 63
10 23
1 43
6 5
2 39
4 100
9 92
4 75
8 28
6 42
8 92
5 26
2 33
5 47
3 10
8 95
9 28
6 10
3 20
8 22
2 70
6 42
5 38
4 76
3 50
6 70
3 29
3 10
1 98
4 7
5 55
5 71
9 0
4 92
7 29
7 99
7 68
6 100
2 16
2 54
9 86
5 45
6 2
4 67
1 52
10 99
10 3
9 93
10 72
3 43
6 87
6 5
6 76
7 22
10 91
4 47
8 31
7 0
8 66
1 26
7 51
3 77
4 93
6 33
2 33
2 42
6 98
1 31
8 99
5 62
2 27
4 32
10 52
4 90
6 42
2 87
5 77
9 4
10 77
8 46
1 66
2 0
5 98
9 19
6 56
10 63
6 21
5 69
2 85
4 9
1 91
4 33
4 77
10 42
8 86
5 80
2 15
6 27
4 3
2 74
6 0
1 64
9 81
2 85
5 73
9 4
1 19
9 65
4 29
5 64
3 35
9 42
8 31
10 57
1 20
6 51
10 98
4 76
2 36
6 18
6 39
1 61
10 36
6 6
10 100
5 21
7 20
6 77
10 56
4 76
5 79
9 74
10 53
5 5
6 49
3 86
9 89
8 73
4 58
6 53
6 59
5 38
3 55
3 21
9 87
2 6
4 36
8 15
2 23
2 26
4 98
7 53
2 65
8 76
6 59
3 91
9 97
5 89
2 51
1 15
7 9
3 35
1 76
2 32
10 47
3 43
5 65
6 42
1 100
4 24
6 74
1 2
4 31
2 26
6 73
2 99
7 17
2 6
5 55
7 3
1 24
8 25
9 16
8 61
7 17
4 65
1 13
5 34
8 75
4 94
8 38
10 98
4 60
5 42
4 57
9 8
6 72
10 66
4 24
2 14
9 58
8 17
4 68
7 89
9 23
1 52
6 15
4 90
9 7
2 65
5 29
4 27
10 8
1 21
1 97
3 70
1 96
6 86
5 13
7 65
4 57
10 70
4 18
1 83
4 4
9 81
7 1
8 46
1 58
7 40
3 24
10 63
6 27
9 45
9 87
8 52
2 98
4 48
3 82
1 47
4 32
1 27
9 52
2 32
2 56
9 34
6 20
4 14
10 38
6 56
9 85
10 10
1 85
6 21
1 35
10 62
9 4
5 3
9 12
7 34
7 92
8 20
5 90
10 58
2 15
1 93
8 80
1 60
7 87
9 45
8 20
4 28
10 42
5 17
10 3
2 92
3 33
5 22
6 18
9 42
8 48
8 42
6 100
6 57
10 25
9 95
8 15
5 44
2 0
1 40
3 63
3 67
4 80
9 24
10 17
6 72
5 75
3 32
2 34
1 89
10 81
3 51
6 52
8 69
5 47
5 49
4 8
1 10
1 84
1 8
4 67
2 25
9 20
1 74
1 73
4 77
9 72
8 36
7 63
5 42
1 47
3 46
8 18
7 23
10 96
8 79
9 1
7 58
8 4
9 37
10 18
3 4
4 8
4 50
4 54
7 69
2 83
3 17
1 1
6 34
7 61
3 12
2 22
2 68
1 48
2 94
1 2
3 84
5 61
5 56
7 96
7 3
6 14
1 34
9 80
7 7
7 2
1 27
2 17
1 65
6 54
10 93
2 35
4 40
2 100
3 67
8 97
9 36
4 7
10 19
10 62
8 10
9 25
9 69
4 42
6 100
6 59
1 64
9 5
5 10
3 99
9 61
10 7
9 70
7 41
10 4
9 47
1 87
6 7
5 79
9 72
5 40
5 83
10 77
7 44
10 12
5 12
7 65
7 78
8 6
2 95
8 73
5 62
8 34
3 78
4 62
3 54
9 44
9 12
10 92
1 5
6 13
1 68
2 96
6 86
2 81
6 95
5 33
7 28
5 47
8 33
7 38
6 77
6 10
8 11
4 69
8 44
9 38
8 74
6 2
7 31
6 31
5 65
4 32
10 46
6 60
1 6
7 46
4 94
4 86
6 16
2 45
2 54
10 3
10 20
5 97
7 77
4 4
3 3
9 39
1 16
10 37
3 66
10 27
3 64
6 4
4 12
5 61
7 52
2 89
8 33
10 82
3 73
10 97
2 75
3 55
2 0
9 79
5 11
8 16
7 1
8 5
1 48
3 58
7 14
9 48
5 85
9 41
10 99
8 56
1 84
3 82
6 80
4 44
4 61
4 33
10 17
7 42
4 99
8 90
1 65
3 76
5 60
5 38
5 58
7 16
8 61
4 43
3 43
3 17
8 68
9 96
1 17
10 76
5 14
2 90
3 38
10 88
4 97
6 86
1 9
5 57
1 75
8 29
1 61
10 12
2 5
4 33
1 23
4 69
5 89
4 22
9 12
6 59
8 62
7 63
5 85
7 32
2 34
4 59
4 14
2 71
3 0
5 11
6 26
6 47
5 20
6 68
7 79
9 77
8 82
1 29
7 44
4 14
6 56
5 64
8 63
2 11
9 6
9 61
7 64
3 35
1 76
3 68
8 76
3 80
9 46
8 18
5 16
1 70
6 66
8 3
4 9
1 82
6 96
9 17
5 59
3 38
7 95
9 53
3 40
4 0
2 51
4 69
3 35
6 23
8 79
5 55
9 38
7 63
2 3
4 91
1 27
4 10
4 94
4 48
2 61
9 40
9 80
1 46
7 6
9 2
4 75
6 21
10 82
7 2
7 34
1 66
2 53
8 4
7 16
7 10
1 74
4 21
2 14
7 61
6 91
8 72
2 0
10 98
7 60
10 35
4 7
9 93
7 67
8 76
10 28
8 69
8 2
6 42
8 42
10 56
8 15
6 37
4 59
6 14
7 73
5 62
2 97
10 45
7 65
2 97
6 7
10 98
4 57
10 24
8 67
5 33
1 42
8 67
9 72
6 50
4 1
10 80
3 20
1 94
4 37
9 78
7 15
9 30
1 75
8 16
9 44
2 57
4 21
9 83
9 75
3 53
10 89
10 89
4 4
4 53
1 68
8 53
3 74
1 23
6 90
7 69
10 3
8 14
1 97
3 27
10 100
9 25
6 22
2 19
10 45
1 21
3 86
7 38
9 13
8 10
3 8
2 1
1 92
9 11
9 35
6 31
2 9
1 37
6 89
1 73
4 79
4 87
1 43
3 31
1 44
6 28
7 76
4 34
8 59
7 8
6 83
9 72
3 87
9 24
8 69
2 100
6 38
3 87
3 57
2 86
7 42
7 4
6 2
6 99
9 37
1 43
8 68
5 83
8 63
7 87
8 34
5 98
6 3
2 19
7 41
2 7
1 26
3 58
7 71
4 44
2 33
9 25
9 94
10 8
7 71
5 93
7 78
6 82
1 77
6 96
2 76
6 24
6 43
3 55
6 46
2 25
4 43
6 57
5 19
6 63
3 86
4 8
3 7
7 58
5 22
3 71
6 96
3 63
10 64
6 26
3 71
2 17
2 26
10 52
9 69
3 99
4 2
9 77
6 87
3 7
9 96
9 71
4 90
7 47
10 85
2 72
3 80
3 19
5 29
8 58
9 72
2 20
1 90
3 68
10 47
7 92
10 0
3 72
2 79
3 86
1 67
1 94
7 88
1 52
1 46
6 80
10 5
10 97
4 29
9 33
1 34
1 10
9 17
3 0
9 35
7 3
1 60
8 11
6 80
8 64
8 100
1 19
10 5
4 87
3 38
5 21
7 87
1 29
8 66
6 44
4 51
3 51
7 14
4 71
7 1
1 74
2 57
7 0
4 96
4 8
4 58
4 61
2 14
3 40
2 87
1 89
1 57
7 65
1 89
3 90
10 4
6 88
10 61
8 97
10 85
7 54
9 99
9 36
3 16
6 96
8 82
6 5
6 95
10 82
10 42
1 100
10 31
9 81
8 49
6 24
7 69
5 48
4 79
6 87
4 79
8 69
1 85
3 86
8 90
2 80
3 22
6 10
10 25
8 88
5 4
10 3
9 22
10 56
7 82
10 66
2 41
6 79
9 99
3 39
10 62
4 1
8 62
8 62
8 40
7 64
3 60
7 84
7 98
7 21
7 54
9 73
3 45
7 25
7 61
4 91
8 5
2 91
1 45
7 85
5 82
6 91
2 89
1 7
5 89
7 72
8 4
4 62
8 1
8 17
10 60
3 82
5 65
9 27
3 36
8 40
10 58
1 24
2 94
6 65
8 42
3 22
7 83
2 18
1 85
7 49
2 51
6 33
4 66
6 19
8 35
7 25
4 23
1 65
3 50
7 74
4 62
8 60
10 96
9 82
8 20
8 6
7 24
3 26
2 39
1 21
2 36
4 70
10 25
3 35
2 43
6 8
7 90
4 11
8 72
4 66
10 97
5 24
5 31
10 64
5 40
6 64
1 21
9 31
3 53
1 40
4 46
5 51
1 3
9 63
5 38
7 20
10 70
7 51
7 94
1 50
9 14
2 47
6 85
5 78
10 24
7 79
2 70
10 4
8 47
9 26
3 89
8 35
10 9
6 73
7 62
5 12
4 12
6 9
4 89
8 0
5 1
7 1
4 44
4 67
3 57
3 95
1 62
9 88
9 97
2 86
5 97
2 93
7 24
4 18
6 16
10 36
5 68
8 57
1 30
8 1
7 47
6 25
7 12
5 41
10 18
7 95
1 11
3 57
7 51
2 93
8 28
8 34
6 77
8 17
4 0
3 53
4 66
6 18
4 51
2 32
2 10
4 48
1 15
10 100
6 83
9 57
7 57
3 37
10 47
2 33
4 47
10 68
1 34
1 13
7 63
4 97
1 94
4 52
3 6
8 28
8 75
9 56
7 41
5 58
2 1
4 5
7 96
5 83
9 26
1 4
3 72
1 59
5 92
1 56
6 24
3 80
9 74
9 34
7 5
3 23
3 69
5 2
7 94
4 67
5 44
7 23
7 43
4 22
1 6
3 97
8 32
5 55
3 31
7 55
4 26
9 81
2 9
8 34
9 25
1 36
2 81
6 63
3 26
1 25
8 70
3 85
10 0
6 58
6 49
5 65
10 42
3 38
7 40
5 87
6 30
5 68
1 37
10 80
1 99
8 47
1 1
6 12
10 68
7 42
2 28
4 28
7 46
2 75
4 48
5 73
1 69
2 50
4 9
3 77
6 83
9 71
8 87
10 9
6 47
1 33
8 79
1 51
2 69
1 86
7 97
6 31
6 60
8 49
5 62
4 4
7 50
8 67
4 4
3 76
2 60
9 90
7 48
2 21
8 69
10 72
2 6
5 7
1 100
3 85
8 43
4 51
2 96
3 15
9 81
8 69
8 91
10 7
3 72
10 19
5 61
9 77
6 91
6 100
2 82
4 73
7 27
1 89
5 18
3 66
8 84
7 36
2 68
10 54
4 62
1 11
10 20
9 63
2 49
6 85
8 18
4 47
1 75
1 19
5 85
9 50
10 62
2 78
4 45
5 1
4 98
1 0
1 82
7 5
7 63
9 93
8 40
9 9
4 90
1 60
6 100
10 56
6 6
8 36
10 38
6 12
3 8
7 4
9 49
1 51
10 92
10 73
2 38
1 5
3 52
1 16
5 20
8 92
5 67
3 85
4 39
8 65
7 72
8 13
8 6
6 64
3 7
7 36
2 100
2 9
2 23
4 62
9 16
9 72
4 87
2 49
8 5
7 81
2 28
8 2
6 67
6 77
3 62
3 4
2 66
2 64
10 73
2 95
4 80
6 97
7 6
9 79
4 29
2 81
9 82
5 57
8 80
4 59
8 62
7 46
4 49
1 50
2 14
6 84
6 19
5 89
4 58
1 87
4 38
1 98
3 17
2 60
7 89
3 93
2 31
9 47
2 79
3 13
7 27
10 63
1 1
7 2
1 42
7 35
8 35
9 54
2 7
2 81
9 68
7 70
1 67
1 100
2 100
9 26
10 93
2 78
9 44
4 0
5 66
3 62
1 34
3 16
9 96
2 49
7 9
4 33
2 69
6 14
7 4
8 2
3 24
9 20
7 14
6 57
3 86
7 78
10 50
6 91
8 60
7 40
3 66
3 15
3 30
10 49
6 83
10 45
10 73
1 15
7 65
8 35
6 34
8 31
5 12
3 61
8 3
2 28
7 69
9 18
4 19
5 52
8 40
9 58
10 57
8 42
6 38
2 46
4 95
3 97
1 11
1 56
1 83
9 40
2 79
5 13
1 25
7 42
5 35
1 89
5 96
8 53
8 82
5 25
5 40
5 74
9 64
5 88
4 100
6 72
1 90
3 73
7 4
7 54
7 19
5 84
9 61
6 25
9 16
9 13
4 22
2 36
5 99
5 61
2 31
10 85
6 22
9 99
4 13
6 0
8 60
7 49
1 10
4 68
3 17
7 77
3 32
10 16
6 34
9 11
7 0
5 99
10 57
7 82
8 28
7 70
5 93
10 54
4 57
6 59
8 19
1 81
9 38
6 69
7 77
4 29
9 38
10 28
9 43
7 23
8 89
7 100
9 9
1 15
1 42
9 30
5 30
8 76
2 99
5 65
6 26
2 60
6 74
7 37
4 94
7 5
2 61
7 100
5 99
5 57
4 90
10 2
2 91
3 36
4 37
9 97
3 43
3 7
2 67
5 12
2 75
7 62
5 40
8 83
1 87
5 28
7 99
1 32
3 100
5 45
6 92
10 79
4 37
10 43
6 11
8 34
9 80
4 77
10 80
7 98
8 12
6 8
1 37
7 61
2 44
1 5
1 83
10 57
4 99
1 33
6 7
7 44
6 72
2 77
10 8
2 81
5 95
5 58
3 45
8 39
7 97
3 50
1 11
7 63
10 11
5 81
6 81
1 69
1 63
4 5
8 94
10 2
6 77
4 94
10 20
10 28
9 100
7 43
7 1
5 79
3 28
10 81
7 45
1 20
3 82
7 55
4 96
10 25
1 25
7 8
4 56
4 64
3 12
4 68
5 21
5 51
7 48
10 94
8 53
3 53
6 0
9 26
9 17
4 81
7 60
7 64
10 27
4 39
5 56
2 63
4 85
10 48
2 69
10 5
5 2
1 53
5 0
7 62
6 81
8 80
5 88
1 50
4 46
9 89
1 15
6 18
8 12
8 36
7 29
1 89
7 33
1 56
7 16
4 11
5 54
1 25
5 1
9 68
2 93
6 89
1 80
1 4
4 62
9 24
10 14
5 78
7 2
2 62
4 40
1 24
2 10
10 11
10 57
10 70
3 80
10 99
6 25
1 86
4 6
2 8
4 56
3 25
5 17
7 85
5 64
6 19
9 49
1 14
7 72
5 33
7 26
3 61
3 0
10 7
10 29
3 47
2 11
5 86
4 91
1 57
5 85
2 2
5 95
7 5
3 66
10 64
8 70
5 65
7 88
3 58
7 75
6 76
6 26
2 20
5 46
2 8
3 35
8 2
9 6
9 73
1 87
4 75
1 42
6 59
1 86
6 54
8 38
9 31
8 98
1 18
10 83
9 82
9 80
10 39
8 64
3 18
8 43
3 43
3 85
9 96
5 21
7 37
4 99
4 9
9 17
7 72
3 58
9 17
1 75
3 100
2 4
1 29
5 62
2 28
3 35
7 79
6 4
9 51
9 22
6 92
6 29
1 25
5 65
3 28
2 31
8 81
1 35
7 27
2 15
3 14
9 44
7 33
2 75
1 78
2 74
10 50
2 100
1 34
1 71
6 14
4 52
2 80
3 87
7 76
3 11
2 7
3 44
7 67
3 79
5 35
3 86
7 22
2 22
8 98
4 89
10 58
9 71
4 81
3 79
7 57
4 47
3 58
1 69
10 13
8 29
4 2
7 82
5 90
1 45
5 75
5 74
5 50
5 34
2 96
10 64
1 7
7 68
1 41
5 43
6 48
6 75
6 64
8 94
5 80
2 3
6 8
5 70
2 73
9 35
10 28
8 4
4 82
8 56
8 54
3 52
2 72
4 51
9 62
6 60
8 27
5 98
4 7
10 77
8 78
5 76
10 66
9 30
3 32
4 80
4 26
4 46
7 90
7 69
6 1
2 77
4 4
7 18
5 72
10 28
9 54
1 47
6 27
1 10
7 48
2 73
5 23
6 81
1 75
9 83
8 38
5 57
4 19
3 53
9 44
5 12
6 25
2 72
5 97
1 74
1 27
7 32
4 76
1 38
1 14
5 90
9 76
10 78
7 31
4 45
3 97
4 6
10 32
6 69
9 46
8 8
3 92
10 83
10 65
5 20
2 41
6 98
6 37
1 40
5 74
3 84
7 7
5 65
3 81
2 90
4 58
8 99
1 7
7 98
10 86
4 73
7 25
10 24
9 75
1 26
7 65
10 23
6 50
1 89
1 26
4 78
1 80
10 31
8 23
8 43
4 64
4 66
9 37
6 0
6 75
6 99
10 83
7 93
3 13
8 86
1 67
3 78
7 68
6 71
9 81
3 30
6 98
1 43
3 58
5 44
4 82
3 22
8 37
1 41
7 81
4 2
2 60
3 7
1 87
1 40
3 12
9 51
8 71
2 15
6 26
8 29
8 78
1 15
5 79
3 74
5 80
8 91
1 86
8 55
9 51
7 1
8 3
3 34
8 10
8 49
3 97
5 57
3 66
3 19
1 43
8 49
8 72
5 39
7 41
4 38
1 54
3 14
9 62
4 84
4 36
7 4
5 96
10 74
4 12
8 83
1 33
10 55
10 80
8 99
9 40
2 4
6 70
10 60
10 94
1 36
6 10
6 81
1 46
5 92
10 23
1 0
3 50
10 46
7 86
4 36
1 70
4 47
9 48
1 63
9 49
4 66
4 89
5 4
6 73
9 31
1 46
7 44
8 25
8 73
7 50
7 46
2 66
7 79
3 10
8 45
6 62
6 66
9 31
3 74
10 46
4 37
2 71
9 9
3 3
8 36
9 64
8 19
9 23
2 21
2 73
8 23
5 77
7 28
1 87
1 1
7 42
7 50
3 88
10 69
6 32
1 32
3 49
1 22
1 27
7 60
7 70
2 25
8 30
2 6
8 100
9 87
9 27
7 27
10 85
2 11
3 13
1 39
5 61
9 64
10 89
8 96
9 27
10 51
1 42
4 94
6 43
4 94
1 39
9 38
2 29
9 75
1 9
6 24
1 76
1 37
7 58
6 29
10 3
1 73
8 43
10 20
8 3
6 8
7 7
9 50
9 39
5 62
6 12
3 39
9 22
1 38
1 39
1 31
4 86
9 67
6 51
8 31
7 81
10 62
9 55
5 9
9 44
5 73
10 8
4 34
7 66
2 41
2 59
3 15
3 65
10 86
5 61
10 65
1 83
10 18
1 17
1 90
2 36
10 99
8 74
6 97
9 82
4 57
10 77
1 56
10 68
1 88
5 7
6 77
8 83
8 13
6 18
9 62
4 31
9 13
2 83
3 35
5 69
7 12
10 44
5 96
4 97
9 61
1 94
8 80
7 41
10 8
7 32
4 75
7 72
1 36
7 24
9 37
4 7
1 36
1 86
1 24
8 80
6 4
4 70
8 27
6 69
1 7
8 54
5 36
5 43
1 26
3 11
3 9
10 89
10 57
7 70
5 19
3 87
9 47
4 7
7 54
10 45
9 18
7 3
3 6
7 64
10 79
6 81
6 9
7 91
7 14
6 23
3 96
9 30
8 59
2 16
4 100
2 10
9 49
2 33
1 43
9 75
1 7
6 20
1 8
9 6
5 27
8 23
4 29
2 45
8 26
10 19
6 98
6 91
4 56
5 9
6 93
