100
5 5
1 2 3 4 5
2 9 3 9 6
3 3 0 8 7
4 9 8 9 8
5 6 7 8 9
30 2
3011 3012
3008 3011
3004 3008
3003 3004
2993 3009
2998 3062
3066 3061
3066 3056
3069 3068
3071 3069
3074 3076
3076 3079
3051 3049
3048 3044
3045 3042
3040 3038
3034 3024
3033 3028
3035 3031
3036 3034
3043 3038
3044 3040
3048 3045
3053 3048
3054 3049
3059 3053
3063 3054
3064 3059
3066 3063
3068 3067
1 25
2799 3212 3195 22 698 700 2604 4095 4075 3167 3148 842 848 3859 3857 1617 1633 3373 3366 2437 2423 2593 4813 4388 153
5 13
4631 4629 4632 4636 836 821 839 1404 1401 3611 3631 3956 3959
147 4617 1007 2969 2952 826 3319 3330 1830 1827 1829 3955 2561
132 981 997 999 2955 830 3330 3331 3693 1837 3941 3938 2554
146 982 386 406 2958 831 2608 2603 3689 3691 3945 3943 2568
403 399 398 401 404 406 2590 2584 3680 3684 3685 3945 2570
4 3
1725 4485 4490
4476 4475 4489
2163 4492 4539
4529 4518 4535
1 10
0 1 2 3 4 5 6 7 8 7
3 31
1141 1136 1132 1130 1566 3136 3131 3132 4534 4514 2459 2461 326 326 321 328 330 4511 4507 4509 4514 4519 4523 3573 3567 3565 3560 3562 3559 3559 3554
1146 1128 1127 1114 876 894 3141 3146 4537 4519 2468 2472 322 320 319 324 329 4516 4499 4516 4519 4525 3573 3570 3566 3563 3558 3557 3554 3551 3543
1137 1134 1130 1124 883 888 3144 3148 4540 1544 1531 1543 327 321 306 326 330 334 4505 4517 4520 4524 4525 3571 3569 3564 3562 3560 3555 3552 3548
10 1
648
644
633
3984
3987
1640
1633
4238
4658
886
2 7
1014 3117 3099 1984 1386 4655 258
2465 2331 2593 2601 3606 3871 2351
17 6
897 895 890 885 881 886
872 888 886 883 880 881
871 866 867 877 876 878
867 864 863 862 861 875
2732 872 869 867 866 877
2731 2731 2728 2731 2731 2735
2730 2725 2725 2711 2730 2734
2726 2723 2720 2717 2733 2738
2731 2727 2723 2722 2724 2741
2734 2732 2726 2727 765 2745
2738 2737 2727 760 764 765
2741 2741 756 758 762 767
753 754 751 756 758 762
752 751 746 751 759 762
747 744 734 753 760 762
754 751 749 751 756 757
757 756 754 756 759 762
2 9
350 2469 756 1751 1739 3006 3000 3195 4041
2467 2453 1192 1205 1757 1571 2174 3188 4583
1 25
2795 2306 2302 2311 70 81 2605 2607 2371 2390 2394 1601 1587 1597 2684 2683 2674 198 91 84 679 1806 1493 1505 2513
23 1
3225
3219
3232
158
149
156
157
1114
1101
1035
2214
2532
2476
3804
4237
1736
1744
1749
4719
4717
4720
4724
4728
2 13
8 8 8 8 8 8 8 8 8 8 8 8 8
8 8 8 8 8 8 8 8 8 8 8 8 8
1 97
444 439 429 439 442 446 449 453 455 460 464 200 199 198 196 191 172 173 174 175 4056 4041 4060 3382 3387 3391 3396 2171 2169 2168 2159 2169 2172 2174 2175 682 678 673 669 665 682 687 688 691 695 700 1221 1218 1216 1214 1212 1211 1208 1212 1213 1217 1219 1220 1224 1228 3152 3148 3145 3143 3139 3136 3134 3132 3115 3122 3123 3127 3130 3133 3136 3140 714 710 705 686 924 908 914 917 920 923 928 929 931 936 939 942 943 947 951 953 957
1 42
4164 4160 4158 4160 4163 2718 2716 2712 2707 2702 2699 2717 2722 2724 2726 973 969 965 963 959 957 894 892 907 911 913 914 4184 4181 4178 4177 4175 4164 1868 2992 3008 3012 3016 3019 3024 3028 3032
6 13
4840 4840 4835 4832 798 796 790 785 780 777 769 629 617
4836 4835 4831 4828 4826 794 789 784 775 773 768 766 764
4845 4840 4819 4824 4822 4836 784 780 778 776 771 947 783
4833 4818 4816 4814 4811 4831 1195 781 781 965 964 945 951
4830 4825 4821 4816 4815 1194 1183 1193 782 968 969 965 956
4829 4825 4823 4825 4820 1198 1186 1187 785 790 974 979 982
23 8
4657 4663 4658 4661 4665 2402 2398 2393
4653 4655 4655 4660 2493 2407 2402 2412
4635 4650 4652 4654 2492 2491 2404 2416
4654 2357 4303 4498 2492 2490 2492 2495
4656 4319 4299 4496 2478 2475 2477 2481
4324 4320 4499 4480 4490 33 44 46
4328 4325 3917 3897 3910 2700 1632 436
3441 4327 2567 2563 2567 2689 1617 416
3440 3441 3443 2581 3910 3895 3904 420
3448 3450 3454 5003 4998 3908 3906 3907
3450 3451 3454 4998 4994 4993 3909 3910
999 2308 4995 4994 4993 4988 4072 4070
986 2304 3940 3958 5002 4983 4056 4066
2309 2297 3936 3955 1752 4998 4060 4068
2310 2311 3937 1058 1735 1750 4919 4070
2317 2312 1062 1053 1068 1071 4914 4919
2321 2317 1072 1071 1070 4649 4909 4910
3462 2321 1077 1073 4658 4642 4904 4909
3458 3454 4660 4659 4658 4653 4908 4912
3454 3449 3452 4663 4661 4656 2418 2423
3452 3446 3447 3452 2417 2416 2413 2408
3437 3441 3443 3454 2415 2410 2409 2407
3454 3444 3449 3451 2411 2407 2404 2387
3 29
828 826 840 3510 3507 3503 3130 3121 3141 2893 492 491 473 487 1582 1590 3867 2668 2680 305 294 297 1261 1257 1262 1266 652 649 654
2105 2091 2103 2107 3493 3492 3505 3735 2886 2890 2511 2811 483 596 1580 1572 2805 2680 2205 2220 309 310 1271 1251 1262 1263 4107 4106 4109
126 110 119 123 128 3499 3507 2894 2874 2894 2509 2792 2798 595 578 2266 2271 2215 2213 2215 314 3400 3396 3381 3394 4108 4106 4099 4106
24 8
3641 3622 3639 3643 3645 3649 3654 4864
3638 3621 3638 3641 3642 3644 4863 4860
1779 1774 1792 3646 2071 2065 2057 4853
1789 1784 1788 1066 2067 2062 2045 2060
1073 1787 1065 1061 1073 2065 2057 2062
1070 1066 1061 1053 1069 1072 767 763
2651 2650 2646 1065 1072 772 759 761
2649 2647 2644 2626 2645 776 772 2178
1803 1801 2648 2644 365 2176 2172 2159
1799 1798 1800 376 360 369 2164 2160
1785 1781 1786 377 374 1983 1979 1978
2027 2015 2016 2017 2022 2023 1991 1974
2029 2018 2017 2020 1030 1031 1995 1989
2032 2020 1045 1033 1028 1029 1995 1992
1050 1045 1044 1026 1027 1031 171 176
244 2682 1043 1039 2662 2666 169 173
242 2677 2673 2669 2652 2660 164 160
238 247 607 2673 2658 4575 161 158
257 261 604 602 4572 4569 4575 169
261 263 605 601 600 4572 4578 4583
263 266 617 615 596 603 4580 4585
265 271 620 618 600 604 4581 4590
636 632 622 620 604 607 4583 4595
632 628 625 622 625 611 615 4598
3 46
4469 4470 4490 4491 4496 4006 4001 4006 72 71 67 70 73 76 2824 2819 2814 2823 1920 1919 1903 1910 3693 3698 1783 1781 1783 1153 1151 1147 1143 1455 1468 351 354 357 3243 3242 3239 3234 3233 3238 3241 3242 1831 1821
4466 4485 4486 4488 4489 3985 3996 73 71 67 64 55 62 64 2819 2815 2813 2819 2820 1207 1912 3695 3690 3691 1782 1763 1774 1777 1153 4848 4839 4855 4856 349 352 357 362 3244 3231 3230 3226 3245 3137 2402 2393 1838
3763 3764 4488 4492 3996 3978 3993 3996 72 58 52 53 57 61 2808 2805 2804 2815 1216 1205 1213 3701 3686 3687 1785 1765 1775 4855 4853 4852 4847 4859 352 347 333 340 3252 3247 3236 3232 3229 1352 3125 3133 2403 1839
1 8
2936 4755 1447 4692 4161 4356 2935 723
3 1
518
440
4459
28 5
1973 1977 1984 1981 1979
1968 1971 1978 1977 1976
1963 1980 1979 1974 1973
1959 1960 1983 1973 1971
1958 1961 1979 1975 1968
1957 1960 1971 1970 1966
1955 1959 1962 1971 1964
1953 1956 1971 1966 1960
1948 1950 1952 1963 1958
1946 1947 1951 1956 1956
1945 1948 1954 1952 1953
1941 1946 1950 1948 1947
1937 1936 1934 1943 1944
1934 1932 1933 1938 1939
1933 1931 1935 1936 1940
1927 1926 1932 1933 1935
1918 1908 1927 1932 1936
1915 1914 1930 1935 1939
1921 1916 1935 1937 1943
1923 1918 3777 3769 3775
3781 3777 3772 3768 3771
3784 3778 3765 3763 3768
3787 3767 3762 3758 3762
3757 3752 3748 3757 3762
3762 3759 3742 3756 3759
3752 3748 3744 3760 3764
3751 3749 3745 3762 3766
3752 3752 3746 3750 3771
1 33
2558 2565 2567 815 804 808 813 814 815 819 1250 1246 1245 1243 1242 1236 1248 1001 1015 1017 1018 1023 1026 3731 3728 3726 3725 3717 4488 4479 4498 2497 2495
2 6
2914 2933 2114 756 491 492
2915 2105 2100 743 488 493
30 4
973 969 953 959
974 973 962 965
979 969 966 967
976 971 968 122
3489 972 134 120
3488 3486 145 140
3486 3482 3469 3468
3485 3481 3466 3464
3476 3476 3462 3458
3474 3473 3468 3463
3474 3471 3470 3466
2034 3472 3471 3470
2032 2034 3474 3474
2023 2029 2033 3479
2033 2036 2040 2045
2036 2039 4220 2048
2042 4236 4218 4229
2039 2058 4224 4226
2040 3107 3126 3126
3108 3105 3121 3124
3113 3107 1737 1742
4501 1753 1735 1746
4483 4502 1743 2501
4499 4504 2498 2496
40 38 2493 2495
35 33 2481 2491
30 25 26 29
35 32 30 32
1774 1782 1787 1788
1763 1780 1784 1787
35 9
2702 2699 2702 85 81 80 79 82 85
2702 2698 2696 2700 81 78 74 78 83
2699 2696 2693 2695 2698 71 70 71 77
2693 2690 2688 2684 76 72 67 68 72
2695 2688 2687 2683 2681 69 60 61 75
2682 2677 2680 2679 2679 2680 72 75 78
2676 2672 2670 2663 2676 2678 3215 3220 3223
3215 3211 2685 2681 2684 3209 3213 3217 3219
3208 3207 3206 3191 3206 3208 3212 3222 3225
92 90 3209 3196 3207 3211 3216 3217 3221
88 86 90 3197 3208 2608 2599 2618 2799
82 81 83 2611 2609 2605 2593 2613 2798
80 61 71 2614 2598 2596 2595 2790 2787
82 78 79 2026 2610 2605 2600 2791 2794
87 83 2027 2023 2612 2610 2601 2793 2797
91 306 301 2019 2022 2611 2605 2610 2614
306 302 300 2018 2019 2383 2383 2387 2389
307 303 288 2012 2028 2378 2382 2383 2384
4280 308 301 2015 2376 2373 2377 2382 2387
4267 4275 3077 2019 2374 2361 2367 1300 2392
1041 1060 3073 3076 1288 2364 1296 1298 1299
1044 4692 3053 3071 1286 1290 1293 1296 857
1047 4708 3065 1274 1283 1286 1291 1295 853
1049 1295 1293 1288 1285 1289 1503 852 851
1298 1297 1294 1293 1288 1501 1499 848 847
910 1302 1294 1291 1290 1507 1488 859 840
906 906 904 1292 1980 1494 1489 1490 855
902 901 899 1977 1978 1973 1970 1973 857
907 898 895 1972 1971 1971 1968 1971 3182
898 898 894 4221 1967 1966 1959 1973 3179
895 880 889 4217 4215 1971 1963 3188 3178
893 877 888 4216 4213 4229 4230 34 35
884 883 2239 2252 4232 3349 34 29 16
886 2263 2259 2264 3348 3347 3348 3350 29
2269 2265 2263 2264 3339 3337 3345 3347 3351
19 3
2298 2310 2311
2312 1613 2315
1616 1611 1625
1627 1623 1627
1626 1625 1629
1628 1627 1630
1632 1628 1633
1633 1632 1637
4783 2003 1642
4770 2002 2006
2008 1990 2004
1997 1993 1998
2001 1997 2000
2002 2005 2002
2015 2010 2006
2018 2014 2011
2022 2015 2014
2026 2020 2018
2028 2022 2019
37 1
3101
3096
3089
645
649
111
117
118
121
1600
1595
1592
1582
1595
2058
2053
3005
3011
1175
1193
1379
1370
1381
808
804
800
780
3290
3671
3683
4488
4480
4489
2811
2797
2801
2806
100 100
66 70 82 81 77 74 69 71 92 88 50 46 41 39 37 34 31 26 24 20 19 18 17 15 11 0 3 4 7 19 23 27 28 24 36 38 40 41 42 46 98 95 94 90 89 87 82 84 76 75 54 53 50 48 43 40 41 44 49 73 67 62 61 64 64 65 67 69 72 83 84 88 98 101 106 112 113 116 118 119 126 128 130 145 140 141 144 147 152 153 154 165 168 170 175 180 184 192 191 194
61 66 81 80 75 71 67 72 88 83 87 50 43 41 41 36 32 30 26 27 23 24 19 16 12 1 6 8 12 16 18 19 22 23 32 35 44 44 61 106 101 97 98 95 86 85 81 81 79 72 75 56 51 44 40 35 40 34 72 69 65 60 59 66 61 63 64 71 77 80 83 94 95 95 103 109 111 112 115 118 123 130 132 134 139 141 145 148 153 156 161 164 165 168 170 177 192 187 190 191
59 60 77 77 74 70 66 68 68 82 75 78 79 45 44 40 33 32 27 31 25 24 23 19 17 3 8 13 14 15 17 20 22 26 27 32 37 42 60 66 71 102 94 96 91 81 78 76 74 71 43 43 36 33 36 31 32 33 37 74 59 54 57 61 59 63 67 67 72 76 77 89 92 94 99 104 109 111 113 115 123 125 126 133 134 138 140 145 149 153 157 159 164 166 170 176 187 182 185 186
55 52 76 74 70 68 63 67 67 78 72 74 75 50 46 43 38 36 36 34 31 10 7 6 5 4 12 18 16 19 19 24 25 29 28 54 55 63 59 62 66 93 91 88 87 82 83 78 74 70 39 38 33 32 29 26 28 28 27 58 56 53 53 57 54 58 62 66 67 71 80 85 89 91 100 101 106 114 114 118 120 124 129 130 133 136 137 141 144 145 158 160 161 180 173 172 174 178 179 181
54 51 54 73 69 65 62 65 66 76 71 73 78 78 50 48 44 39 38 31 30 23 15 13 11 7 13 23 20 20 22 28 29 30 49 50 50 52 56 60 70 96 95 89 83 78 77 74 72 67 64 39 33 30 29 23 24 24 25 54 53 48 52 55 53 56 60 65 72 77 79 82 87 97 101 106 107 111 114 118 137 138 143 142 146 148 150 142 149 152 156 161 174 175 168 169 169 173 174 181
46 49 53 71 67 61 59 62 64 65 70 72 74 77 44 46 43 38 34 31 27 22 18 16 13 8 13 27 21 25 29 33 33 35 44 46 49 50 51 53 69 71 89 88 83 81 74 69 66 63 60 34 33 30 26 21 24 22 24 36 42 44 49 50 51 56 62 69 77 82 83 86 89 92 96 108 110 116 117 132 133 134 136 140 143 153 157 145 153 156 161 173 172 174 167 164 166 164 171 176
42 46 47 68 63 58 56 60 53 60 66 71 73 76 42 41 40 37 35 31 28 25 23 17 18 12 16 32 34 29 33 39 37 39 43 47 48 54 56 61 65 77 72 90 62 84 76 71 66 64 59 57 37 22 20 17 13 17 42 34 37 42 46 49 54 58 62 67 79 87 84 91 94 95 98 112 117 121 124 128 131 138 139 142 147 148 151 153 157 159 195 172 171 169 161 159 161 162 170 171
39 41 33 40 39 55 52 49 52 58 61 63 72 79 44 81 45 41 36 35 33 29 34 18 19 15 21 33 34 31 33 44 39 44 44 45 49 51 60 64 71 74 67 68 61 57 55 64 62 60 57 53 58 39 18 14 11 14 39 32 33 37 40 45 56 61 64 66 68 90 102 99 97 101 105 109 113 115 120 129 132 133 147 146 151 150 153 155 162 164 193 189 167 164 159 157 158 159 166 167
35 34 30 35 36 53 50 46 51 56 57 58 70 75 78 79 88 84 39 83 33 30 35 20 22 17 20 38 41 36 50 47 41 49 45 46 47 49 54 71 70 69 66 64 59 54 50 48 45 57 52 48 38 35 37 11 7 5 35 30 35 42 44 38 60 62 68 72 73 92 92 105 102 103 106 111 115 117 133 130 131 134 136 148 145 152 154 159 165 194 189 185 164 161 159 156 159 161 162 165
31 29 26 30 33 35 48 45 46 51 62 60 67 70 74 74 75 82 78 82 37 32 36 25 23 18 23 43 48 51 55 50 45 51 53 48 48 50 53 58 72 73 69 67 56 50 47 44 42 41 51 46 37 33 32 7 4 2 7 28 32 33 33 37 42 64 67 69 81 88 91 88 103 104 119 115 118 123 137 133 135 136 138 141 143 144 159 184 180 188 185 181 163 158 154 153 154 160 159 164
29 27 25 23 31 52 47 44 48 51 62 58 63 66 65 71 73 77 74 79 84 35 41 25 24 23 26 47 48 45 47 51 48 52 58 49 51 54 57 83 80 75 60 57 55 54 50 48 41 38 46 43 39 35 31 25 15 0 20 23 27 30 32 37 58 63 66 69 78 83 86 87 90 95 96 119 121 125 138 136 138 141 146 145 148 145 184 183 175 169 182 177 180 159 155 149 154 160 158 160
27 24 20 20 26 28 45 43 50 51 56 56 59 61 64 67 70 72 73 74 81 86 42 30 28 26 30 35 36 41 45 53 53 54 59 51 56 59 64 80 76 72 68 65 60 56 44 43 40 37 35 32 29 28 26 22 18 13 17 22 27 32 35 38 54 56 69 70 75 80 81 85 89 99 97 99 106 111 113 141 141 142 148 147 151 182 180 178 172 167 171 175 178 155 151 146 151 155 154 158
25 20 17 18 22 24 28 40 45 47 51 53 56 58 62 63 67 72 74 77 78 83 53 48 45 29 35 38 43 81 86 57 56 57 60 62 61 73 72 73 75 67 63 60 58 53 49 45 43 40 40 35 34 32 28 27 23 14 19 27 28 37 40 44 49 50 54 72 80 85 83 87 94 95 99 100 101 106 110 142 140 141 146 152 154 183 179 174 171 166 168 170 175 179 147 145 149 153 150 155
30 26 13 16 20 29 40 39 43 49 53 58 58 61 65 64 71 74 79 75 78 81 48 45 43 41 40 44 72 77 82 84 82 84 94 97 76 72 71 72 74 79 64 65 63 57 53 51 48 45 55 51 36 35 30 30 27 18 24 33 30 35 45 48 52 56 60 68 71 88 86 91 95 99 103 102 102 106 130 137 139 143 146 170 165 175 173 169 166 163 161 167 167 149 150 143 144 142 147 150
26 21 10 13 16 32 35 36 40 45 45 52 56 58 61 66 71 79 78 73 75 59 66 51 46 45 41 71 70 73 75 79 81 88 93 95 72 71 67 62 58 72 71 67 65 62 65 63 63 59 53 49 41 37 35 34 31 35 28 34 35 38 48 50 54 56 59 64 67 89 91 96 101 105 115 115 120 124 127 132 134 144 167 169 164 168 163 160 162 158 159 163 166 147 145 141 139 138 142 146
21 16 6 10 13 27 30 33 36 39 43 49 51 54 58 63 67 74 73 72 68 58 63 53 55 50 51 66 65 68 72 77 89 87 92 98 67 63 62 60 57 59 72 68 81 77 60 59 58 54 49 46 43 40 39 36 34 38 43 35 40 45 46 60 55 56 61 65 66 98 95 100 104 106 111 114 117 121 125 129 133 168 166 164 161 163 161 159 157 153 157 162 146 151 144 140 132 136 140 144
17 12 0 17 25 23 25 28 33 36 39 44 48 58 59 64 61 57 73 70 65 57 58 52 55 60 57 59 61 65 76 81 85 86 88 93 66 62 59 58 56 62 68 75 74 73 69 64 63 53 51 50 46 42 40 37 36 37 40 41 41 42 47 65 57 60 66 70 71 75 96 101 102 103 107 117 119 125 126 127 131 169 168 159 157 153 150 149 148 152 154 135 143 144 139 136 131 135 139 140
10 6 2 4 18 19 21 25 28 35 35 38 40 44 48 50 56 53 43 64 62 56 55 48 51 56 55 57 59 62 63 71 89 90 91 62 63 59 55 57 54 58 64 65 72 70 67 66 66 55 54 55 50 48 43 41 40 40 41 42 43 45 50 54 55 57 59 61 76 81 100 101 104 106 109 113 117 118 130 131 133 169 163 157 156 152 151 145 144 149 136 134 139 140 121 135 130 126 130 133
7 6 3 8 13 16 20 24 25 30 32 34 39 43 51 53 50 49 41 61 59 54 50 44 41 46 54 56 57 58 62 66 69 70 62 57 61 56 54 57 49 50 63 77 72 69 66 65 63 59 57 59 51 50 48 42 41 46 48 43 44 47 54 56 57 58 61 66 80 81 82 105 106 111 114 117 118 139 134 136 139 166 161 157 152 147 146 145 142 144 131 132 133 124 119 132 127 123 127 130
10 8 5 10 15 18 20 23 24 29 30 35 40 42 45 53 49 44 40 31 36 49 46 41 39 45 51 56 59 61 65 67 68 57 55 54 59 55 52 50 48 50 58 60 56 54 69 68 65 64 62 66 58 54 56 47 44 50 54 45 45 50 55 56 57 60 72 74 81 85 87 109 108 113 116 119 122 140 136 138 139 161 157 153 150 144 144 139 138 139 130 123 130 120 117 118 118 119 124 128
11 9 6 11 16 18 19 25 28 31 33 37 43 46 55 48 45 40 36 30 32 33 43 39 36 41 46 51 53 54 55 60 61 74 73 53 50 52 48 47 44 41 56 55 53 49 54 55 69 67 64 68 61 55 51 49 45 54 57 48 52 55 59 63 62 66 71 73 77 82 86 110 109 117 120 124 126 130 139 140 143 156 153 152 148 143 142 138 133 135 126 122 126 129 112 114 115 117 120 122
14 10 11 16 21 22 23 30 30 36 65 41 46 60 53 44 43 45 34 29 31 30 25 25 34 37 40 42 44 48 51 55 56 75 71 47 45 44 52 43 41 37 41 51 50 48 48 52 53 52 69 74 64 60 56 52 50 59 61 51 55 60 62 63 63 67 76 78 83 86 89 92 93 122 106 126 131 134 144 161 157 156 154 156 149 147 146 134 132 125 122 118 120 113 110 113 112 113 116 134
18 13 16 19 25 27 25 28 29 32 61 60 57 55 52 42 39 44 37 26 24 28 23 24 29 30 35 37 39 43 47 51 54 75 70 75 48 43 41 39 36 33 35 40 38 43 45 45 50 49 52 70 65 62 60 61 51 63 65 55 67 63 65 73 73 70 72 73 78 89 93 97 96 98 104 111 114 118 120 165 162 160 156 159 151 148 149 131 127 124 118 114 116 108 106 108 109 124 128 130
23 21 17 20 30 33 27 29 33 36 65 57 55 51 48 39 36 35 36 26 22 20 18 21 30 32 33 35 37 41 40 47 50 59 67 38 30 45 42 38 33 32 30 38 33 40 44 43 46 48 50 52 68 65 62 65 68 72 77 57 69 64 65 69 72 73 73 78 83 85 86 88 93 98 102 106 108 121 123 169 167 163 160 156 155 151 153 127 122 120 115 112 115 106 104 105 108 120 125 127
26 22 20 24 31 38 28 47 52 69 67 54 50 47 43 38 33 31 31 34 25 19 17 20 22 25 30 31 32 36 39 42 46 57 62 33 29 38 37 36 34 30 27 31 29 35 36 41 40 45 47 52 56 59 66 69 71 76 78 72 71 66 69 70 74 75 75 78 86 87 88 92 97 101 106 107 111 168 166 171 137 137 132 158 140 135 131 118 116 113 110 107 105 101 103 106 108 116 120 123
27 27 21 23 42 40 42 46 50 66 62 57 54 53 48 33 28 26 27 25 24 18 16 18 20 24 28 30 32 35 37 39 41 55 59 27 26 25 22 34 30 28 24 23 27 31 36 38 39 40 44 53 56 61 80 74 78 80 82 80 75 68 76 74 75 82 77 80 83 91 90 91 96 101 107 108 167 166 165 136 133 130 129 140 136 135 130 127 120 111 108 106 101 99 98 101 104 112 115 118
29 28 26 27 48 45 46 48 63 68 64 60 42 39 39 39 30 25 23 28 20 15 14 17 15 20 25 28 32 32 35 37 39 50 53 35 30 24 20 25 14 24 22 22 25 30 34 43 41 41 51 52 53 73 77 79 81 84 85 82 78 81 80 75 80 84 78 85 89 98 95 99 99 103 107 109 112 162 161 138 137 132 128 126 125 130 126 122 118 114 115 111 102 101 96 97 102 107 110 115
33 31 29 33 39 42 44 63 58 57 54 51 41 36 35 36 33 23 18 12 11 8 12 13 14 18 23 25 26 31 35 40 46 49 54 29 25 22 19 15 13 22 20 17 18 20 26 32 37 42 47 50 64 68 72 74 75 78 81 83 80 83 81 80 101 87 90 87 90 93 97 98 101 104 108 111 162 158 156 154 151 136 131 126 124 123 120 117 112 110 108 106 101 100 95 100 105 102 107 111
37 32 31 35 37 38 42 61 57 55 51 47 41 36 33 31 28 20 16 11 7 0 9 12 13 16 17 19 27 31 37 37 41 43 27 25 26 16 15 11 9 17 15 16 17 22 24 28 32 50 48 53 60 63 67 71 72 75 88 94 84 87 84 100 100 104 91 92 93 95 99 101 105 110 110 113 163 159 154 149 146 140 142 127 126 121 120 118 110 109 106 98 99 94 93 96 98 100 105 115
42 41 36 39 41 43 47 52 51 50 47 45 41 37 34 27 24 19 17 12 11 15 11 13 18 23 21 24 26 31 32 35 40 28 25 24 22 20 15 11 7 4 1 19 21 23 24 27 39 45 48 52 57 59 72 75 79 80 86 89 92 91 94 95 99 101 103 95 98 101 101 103 108 152 148 151 133 150 145 144 141 135 140 125 121 121 117 115 110 106 102 97 95 93 88 85 93 96 101 104
46 44 40 42 42 44 49 53 52 57 53 50 41 40 36 32 29 24 20 15 14 17 21 26 19 28 23 29 32 37 34 40 43 33 30 26 23 17 16 12 15 14 12 16 22 26 27 32 37 41 46 47 48 67 75 76 74 79 82 84 85 89 92 93 95 103 108 108 103 108 112 113 115 150 146 147 130 128 145 143 138 133 129 122 118 117 110 116 111 109 106 101 99 89 84 82 88 91 93 96
47 51 46 45 44 46 51 55 65 60 55 54 42 44 37 33 30 28 21 17 16 19 24 29 20 21 23 31 34 36 46 41 42 47 32 29 27 25 23 18 17 15 17 28 24 29 33 35 38 42 48 50 51 66 67 67 73 74 79 81 85 87 90 97 100 105 106 111 106 108 110 114 119 148 142 131 128 127 123 139 134 130 125 120 115 114 108 108 105 114 111 114 92 87 84 81 85 88 89 77
49 52 49 50 48 53 53 59 68 65 56 56 46 45 38 35 35 29 27 24 21 23 26 28 29 30 26 32 35 39 44 43 45 48 40 38 36 23 22 20 18 17 20 30 27 30 37 40 45 50 52 54 56 61 63 64 68 72 75 76 80 83 87 102 120 110 114 110 107 108 113 118 146 143 141 136 132 122 118 117 116 114 121 117 114 110 107 102 100 95 92 91 84 84 84 80 85 76 75 73
52 53 57 53 51 56 74 69 67 63 60 58 49 48 43 39 40 42 31 26 24 24 25 29 34 40 45 42 40 45 47 47 50 39 35 34 32 31 29 25 19 18 24 31 32 39 41 43 46 56 53 59 58 66 68 67 71 73 78 80 83 88 92 93 117 119 115 112 108 113 117 152 147 144 142 131 127 121 121 116 114 109 113 116 112 111 100 96 93 88 87 86 82 81 78 77 75 71 70 72
54 63 59 54 56 58 81 73 69 65 62 60 53 55 45 40 38 37 33 30 25 27 30 33 34 38 43 45 42 47 48 70 50 46 41 39 34 33 30 26 23 20 37 34 37 38 40 48 53 54 58 64 69 68 73 77 82 84 88 92 87 91 95 106 113 115 119 123 110 111 151 150 158 154 129 127 124 119 117 113 107 106 103 105 115 112 111 107 104 99 95 90 86 83 80 75 71 67 68 71
59 62 60 56 60 79 77 75 70 75 65 62 55 52 48 47 43 42 37 35 40 36 31 34 35 36 45 46 43 49 66 68 73 47 45 40 35 39 34 29 44 40 39 35 38 42 43 46 55 57 60 63 67 71 74 77 84 87 90 92 91 93 95 105 108 111 115 156 159 150 150 148 153 152 147 129 118 114 112 110 109 104 99 101 105 110 109 101 107 100 99 95 82 80 75 70 71 66 66 68
61 66 65 60 65 80 78 79 74 79 64 60 56 54 52 52 46 46 41 40 41 33 32 38 39 53 48 53 55 60 61 63 68 70 83 42 39 67 37 34 39 38 37 36 39 41 45 52 55 56 58 60 62 84 79 84 85 92 94 98 97 94 95 100 105 106 108 155 152 149 146 145 148 147 142 137 133 115 110 108 104 99 94 98 109 105 104 97 104 102 101 87 80 79 74 69 64 61 65 67
74 71 73 62 91 89 86 82 78 83 67 63 58 55 54 54 47 50 43 43 60 54 47 42 47 56 50 54 59 62 66 70 72 74 78 72 71 66 62 58 55 52 41 37 40 43 47 50 51 53 57 61 62 64 83 85 87 96 98 105 103 98 99 103 108 107 112 151 147 147 144 144 148 136 138 132 131 103 99 98 96 95 90 86 103 102 100 95 87 87 84 85 81 69 66 60 55 60 63 66
73 72 74 77 98 94 85 83 80 70 65 64 61 59 55 60 58 54 69 60 57 53 48 47 48 52 57 59 62 67 71 72 74 75 80 70 65 62 59 55 51 48 44 41 45 49 53 55 57 59 62 63 68 70 71 72 99 100 105 110 103 102 107 110 115 120 149 148 145 144 142 140 135 133 137 133 128 133 101 103 100 90 87 85 77 96 93 91 86 85 80 80 76 68 64 59 54 59 60 61
78 74 77 87 86 99 88 79 75 70 66 69 66 64 63 61 59 69 67 63 59 54 53 52 49 53 56 59 61 79 76 77 86 86 84 89 68 68 63 58 58 53 48 45 47 50 55 59 60 63 67 65 72 75 75 91 95 96 104 111 104 103 112 115 117 118 121 142 138 137 138 135 134 129 131 125 123 130 124 127 102 87 84 83 76 92 87 83 82 80 78 77 72 69 67 47 52 55 62 65
78 76 77 82 84 88 94 82 78 72 69 71 74 69 66 63 63 74 70 66 63 57 54 56 60 54 61 64 64 83 79 84 85 90 87 85 80 75 65 69 67 57 52 49 50 53 60 60 61 64 66 70 77 80 85 89 94 95 100 103 108 106 107 109 122 122 124 141 136 134 127 131 129 128 127 121 122 126 120 122 81 80 79 78 73 73 91 86 59 57 55 53 48 52 48 43 48 53 58 33
78 77 82 87 87 97 93 91 79 75 81 77 75 74 68 67 68 77 74 71 74 76 56 60 62 67 69 70 71 89 84 89 91 93 92 81 76 74 72 67 66 62 57 57 52 55 57 61 70 75 74 84 87 81 89 90 96 100 105 109 110 109 110 111 126 125 149 145 135 131 126 130 127 124 123 120 115 118 119 120 89 82 84 74 72 69 63 61 58 55 52 50 46 45 38 38 41 55 58 31
81 80 85 86 96 92 90 88 80 77 87 83 80 75 80 69 69 82 78 75 75 77 67 62 66 71 74 77 73 88 86 93 95 96 93 83 80 73 72 69 71 66 58 58 54 56 60 67 69 71 73 81 86 88 91 94 99 102 107 112 113 110 111 115 129 135 137 131 126 127 124 122 125 116 114 116 112 113 118 121 85 83 79 76 71 66 61 60 55 53 50 47 42 40 35 33 31 34 35 30
83 90 88 91 88 87 86 84 80 78 88 84 81 77 81 71 70 82 80 77 79 82 68 65 68 73 81 86 89 90 90 97 99 102 107 79 77 75 73 73 64 62 59 60 56 60 64 66 67 69 73 77 82 84 85 88 112 107 109 110 113 111 113 116 136 134 132 128 124 123 120 119 123 116 111 104 107 110 98 87 84 88 80 81 78 73 64 63 59 50 49 42 40 37 33 28 26 6 23 27
98 94 89 92 92 89 90 89 83 82 85 85 84 88 86 77 73 84 82 79 89 85 70 69 72 77 78 82 86 94 91 99 102 104 106 88 84 80 77 79 78 63 62 62 58 62 66 67 71 72 77 78 82 83 90 95 108 109 117 118 124 128 117 153 150 148 143 132 123 120 118 116 108 113 109 103 104 95 93 84 83 85 89 93 74 72 69 62 63 49 44 40 39 38 28 25 24 2 20 25
95 93 91 94 99 96 95 92 85 84 86 90 89 93 100 103 74 104 88 84 91 87 74 71 73 82 81 84 87 91 96 109 107 108 109 90 88 84 79 77 73 70 69 65 60 63 65 71 74 73 76 81 85 89 93 105 106 107 112 116 119 122 127 150 146 143 141 140 124 121 114 112 107 107 105 101 105 94 88 84 79 82 83 78 73 71 65 60 54 52 47 44 31 26 24 20 19 0 17 22
99 97 94 105 103 98 94 93 86 85 89 97 92 95 99 100 104 102 100 99 94 90 93 75 77 83 92 89 91 93 100 111 110 113 113 92 90 82 81 80 76 69 67 64 62 65 68 76 77 75 81 83 86 90 96 100 102 104 105 110 113 120 122 148 144 141 138 135 129 124 115 110 105 103 101 98 92 90 87 80 75 77 79 70 74 69 63 56 57 35 36 31 28 27 25 25 22 8 11 26
117 112 109 106 105 100 99 96 91 90 93 100 96 99 104 106 108 109 104 101 98 92 81 79 79 101 97 90 92 94 97 114 113 117 121 93 94 94 86 81 80 71 69 69 67 70 72 78 80 79 83 84 89 93 95 98 99 105 108 112 117 119 120 142 140 138 135 134 131 129 117 113 110 104 97 93 89 87 82 78 72 74 74 67 66 64 61 54 38 34 32 33 31 29 18 30 34 13 15 29
122 117 114 111 110 104 105 99 94 93 106 102 101 102 106 107 115 111 105 104 102 103 83 84 84 103 98 92 96 97 98 121 117 121 96 92 91 90 89 85 84 75 70 72 71 71 73 75 80 86 84 86 88 90 92 95 96 99 112 116 121 122 125 143 141 139 136 137 132 130 135 114 111 109 96 95 88 83 79 75 71 70 73 64 62 60 56 52 35 31 29 30 28 18 16 8 9 13 17 19
124 118 115 117 114 108 108 101 98 100 97 107 102 92 91 119 118 110 108 104 103 108 88 92 109 105 103 101 97 99 129 125 121 126 97 96 94 95 93 87 89 78 74 73 79 77 74 78 80 85 86 90 94 93 94 105 100 102 114 118 122 127 130 144 147 142 141 145 135 134 109 109 107 100 97 96 92 88 84 74 69 67 62 62 59 54 51 47 43 29 28 26 25 17 13 3 8 9 13 18
120 118 119 122 119 121 107 104 100 97 95 99 93 89 90 95 121 123 111 110 107 109 112 93 113 107 109 104 102 104 129 124 123 127 98 97 96 96 98 93 91 80 81 82 80 78 75 80 81 86 88 92 96 97 98 103 105 105 115 120 125 129 147 145 135 143 146 146 127 110 107 105 103 102 100 100 97 72 70 69 66 65 60 56 54 51 46 42 40 29 26 23 22 20 0 2 5 7 8 10
119 117 116 120 122 126 103 102 99 96 92 90 88 84 89 94 99 104 115 111 109 112 117 98 100 112 110 106 108 147 137 130 126 131 99 102 98 103 98 96 94 81 92 90 85 83 85 81 84 91 91 94 99 100 103 104 107 118 120 124 125 126 165 135 132 127 126 124 122 117 114 110 104 107 104 101 81 78 74 70 70 69 65 60 56 54 48 41 39 38 33 28 27 5 2 1 17 19 9 11
117 116 113 116 118 121 102 99 92 94 90 89 80 82 85 89 101 116 114 112 111 112 114 116 155 156 155 109 145 146 136 134 130 134 136 116 111 106 103 101 99 104 94 93 90 87 90 85 95 92 92 98 99 111 107 108 113 115 119 122 172 176 160 156 133 150 128 127 123 122 118 114 96 92 88 85 83 79 76 75 78 74 67 62 57 50 47 45 42 39 36 33 21 20 15 12 13 16 18 20
116 114 110 106 101 103 98 95 91 90 86 85 77 81 83 84 106 120 116 113 115 113 118 156 154 153 152 147 143 142 141 137 132 137 138 118 113 115 110 105 109 107 99 98 95 92 94 102 97 93 96 101 105 106 108 110 114 115 120 175 171 168 156 154 150 149 145 146 144 150 116 115 99 96 92 88 86 84 89 85 82 78 68 67 53 52 50 46 43 44 37 39 27 23 16 17 22 24 27 31
112 110 105 102 98 101 94 97 95 91 83 80 76 81 84 70 76 76 120 114 115 117 122 124 159 154 153 150 145 143 143 141 142 138 142 123 117 116 112 106 109 117 122 101 99 95 100 107 101 98 102 106 110 110 109 114 119 120 177 172 167 164 152 151 148 145 143 145 140 146 150 119 106 105 104 102 101 95 89 87 83 84 72 69 57 56 53 49 47 44 41 42 30 28 24 19 27 26 30 33
117 115 109 97 95 95 93 89 100 81 74 73 71 66 69 68 71 73 78 117 125 122 79 126 83 159 155 152 150 151 156 145 146 143 133 128 132 120 116 111 112 116 121 102 100 99 112 108 103 100 103 107 108 114 117 121 122 174 169 168 162 159 160 149 146 141 138 135 135 141 143 148 107 106 105 101 97 94 92 91 87 105 107 70 65 62 58 53 48 49 45 50 35 31 25 20 25 29 30 36
98 97 97 93 92 91 86 85 89 78 76 71 66 65 65 66 69 73 73 78 80 80 77 77 80 103 99 154 152 153 160 146 149 145 135 132 133 125 119 116 117 119 124 103 102 101 106 109 104 109 105 112 114 119 120 125 129 133 170 165 161 157 158 142 141 136 135 134 133 138 142 114 110 106 105 103 100 99 93 96 99 103 105 69 68 65 62 67 50 46 42 37 30 27 25 21 23 30 35 38
98 94 83 81 77 86 84 80 74 73 76 71 66 62 61 64 67 69 70 74 78 79 75 76 81 99 96 97 156 99 100 149 152 138 135 134 139 126 123 119 120 123 128 104 106 105 117 112 105 114 107 117 117 120 123 127 133 154 155 151 157 153 148 145 140 135 131 130 128 130 129 133 112 109 108 106 102 101 94 100 100 106 76 74 72 67 63 66 46 43 39 36 34 32 30 25 24 33 38 42
93 89 81 77 75 70 81 76 72 69 71 66 65 61 58 60 62 63 74 73 75 76 73 72 78 94 92 95 95 97 99 112 115 126 127 133 137 123 122 120 125 125 123 119 112 107 117 115 109 111 110 120 128 125 129 134 155 153 152 150 149 148 144 140 138 134 129 127 123 125 126 129 136 112 109 107 103 106 96 101 104 109 80 78 74 69 66 52 48 47 44 41 36 36 35 30 27 35 41 45
89 85 89 73 72 67 70 62 61 68 52 51 48 59 56 59 61 56 59 69 70 71 68 71 76 90 87 90 91 93 102 107 124 121 124 128 133 138 125 121 122 120 119 115 114 111 116 117 112 114 116 121 131 128 130 164 161 160 156 153 132 153 149 142 140 125 124 119 118 123 128 129 131 125 110 112 109 108 99 98 93 88 85 74 73 71 70 52 51 48 49 40 38 41 32 31 28 32 33 48
85 80 70 71 68 65 66 61 60 63 52 47 44 58 53 48 52 55 57 64 67 68 67 69 78 84 85 94 96 96 99 123 121 120 122 127 131 132 135 137 141 125 122 118 115 112 119 120 119 118 123 125 136 132 136 166 165 161 157 133 131 130 134 145 121 120 119 118 113 113 109 114 115 120 122 118 113 100 99 95 91 89 90 77 76 72 62 57 53 49 50 44 40 40 35 36 31 34 38 48
74 75 68 67 71 64 65 62 57 53 49 47 42 53 51 45 49 52 56 60 64 68 63 68 77 80 81 89 91 94 95 97 121 116 120 129 127 131 133 135 140 143 149 121 123 127 124 157 121 123 124 130 141 137 142 168 150 145 140 136 134 129 136 132 129 125 120 111 109 108 108 111 114 118 122 129 118 107 104 96 97 94 85 84 76 73 64 61 55 50 52 47 46 41 39 36 32 37 41 46
72 71 67 65 60 62 61 55 52 50 46 45 41 51 47 43 46 48 53 55 56 64 60 69 74 75 79 84 86 90 95 116 112 113 114 127 123 128 132 134 139 143 144 152 127 128 158 156 159 134 132 128 122 125 131 170 146 141 136 132 128 124 121 120 118 113 109 113 110 107 106 109 114 116 124 127 132 100 98 94 93 88 84 81 79 74 71 66 58 57 54 51 47 41 40 37 34 41 43 50
76 73 68 63 59 62 57 52 48 47 42 41 38 39 43 40 41 46 49 51 53 62 58 66 70 75 76 88 91 93 117 114 111 110 114 122 120 123 126 130 131 133 144 151 153 150 156 153 159 163 130 126 119 123 127 128 162 145 131 130 129 125 119 115 113 109 107 103 109 108 105 107 110 115 120 121 127 103 102 97 95 92 89 83 83 75 75 69 59 60 55 54 49 43 42 45 38 46 45 64
81 73 74 63 58 55 52 51 47 46 47 42 35 34 39 37 40 43 44 47 66 61 57 63 66 70 75 88 91 94 97 108 106 108 111 113 116 118 123 127 131 146 143 147 150 148 149 150 155 160 125 123 117 119 120 122 158 155 148 144 124 122 118 117 112 108 106 102 105 98 102 106 111 112 116 121 124 103 98 97 94 93 94 90 88 77 79 74 60 63 56 55 50 50 47 69 64 65 59 63
77 72 69 56 54 52 57 49 45 42 42 38 32 29 30 34 37 40 43 44 46 57 55 60 65 68 70 83 88 92 94 106 103 106 109 111 114 118 119 124 126 142 138 140 140 143 145 147 151 120 119 118 114 115 125 156 155 153 148 143 141 139 135 112 107 103 102 100 101 96 99 103 108 113 113 118 125 135 129 99 97 96 88 87 85 80 84 66 65 64 78 83 56 54 50 66 61 59 55 60
70 69 65 51 51 51 52 47 44 41 39 36 30 28 25 29 37 45 44 46 44 54 54 58 63 62 65 82 87 88 89 92 99 101 105 107 116 119 122 125 142 135 133 134 136 140 143 146 150 124 121 116 111 115 122 125 157 110 108 142 137 135 130 133 118 105 101 97 96 95 96 102 105 108 110 115 107 130 125 130 101 101 93 89 88 83 81 82 70 75 73 78 67 66 64 62 59 54 52 54
70 68 63 49 48 47 46 41 37 45 28 35 32 28 23 26 35 39 42 41 43 50 53 56 57 58 62 81 82 89 96 91 97 98 106 109 110 121 122 141 140 141 132 134 133 134 145 148 115 113 117 107 106 119 118 120 111 118 106 100 134 130 127 117 113 111 106 100 94 93 94 97 101 111 105 102 104 108 122 127 131 129 96 94 85 81 77 78 75 72 70 75 60 61 65 61 57 52 48 49
65 62 61 57 55 51 47 38 35 30 27 25 21 21 19 12 34 37 39 39 40 45 47 61 66 63 83 80 78 87 91 90 93 94 99 101 107 108 111 116 139 135 131 134 130 131 133 119 111 109 114 106 105 118 116 119 110 114 104 99 126 123 122 117 116 114 96 91 90 88 90 94 98 102 100 101 106 122 119 119 124 126 96 95 80 77 75 73 70 66 65 62 59 57 55 53 51 48 46 39
74 69 64 61 39 37 35 33 31 24 23 20 19 18 14 11 31 35 31 35 38 39 51 57 59 61 79 78 77 82 85 89 90 91 96 99 103 108 114 140 138 130 127 124 125 135 141 116 112 108 104 96 104 116 115 113 108 113 97 95 95 91 123 119 121 87 95 93 89 84 85 91 103 93 97 98 102 107 117 115 118 109 107 110 79 77 73 71 69 65 63 59 56 53 50 46 45 42 41 37
59 65 45 42 37 35 31 29 28 21 19 16 12 10 8 10 26 25 30 34 43 46 47 52 53 58 68 68 74 75 83 87 90 90 94 97 101 104 106 137 134 132 123 121 124 133 137 119 116 105 102 95 99 115 113 110 107 103 99 94 92 90 81 81 75 86 82 98 83 82 87 86 86 89 90 94 97 102 115 110 117 107 104 107 100 98 72 70 66 63 59 58 55 49 46 44 41 39 41 34
58 60 48 43 39 36 35 26 24 19 17 13 12 8 5 1 21 24 27 31 40 44 47 48 49 53 66 67 72 74 78 83 85 87 92 93 94 97 102 132 131 128 122 117 127 129 134 114 115 100 97 94 93 98 107 109 104 99 95 89 88 85 80 76 72 82 78 76 74 77 77 81 83 84 86 89 101 112 110 108 115 117 99 104 96 95 92 89 71 60 57 54 51 48 44 45 40 36 31 33
54 45 44 50 61 59 38 30 29 23 21 18 14 19 18 13 22 28 31 35 36 40 42 46 54 59 63 68 71 72 77 85 89 96 96 96 100 104 107 112 128 123 118 113 123 124 129 110 112 99 96 92 88 93 102 105 100 95 93 84 83 81 78 73 68 77 73 72 69 74 76 79 80 85 86 95 102 110 106 107 112 114 95 99 94 92 88 88 57 55 54 50 48 45 42 38 37 32 29 30
49 54 42 45 60 55 58 59 30 25 22 27 25 22 19 15 18 22 35 39 40 42 46 51 53 55 60 65 76 74 79 84 88 92 93 94 95 104 109 122 120 116 113 112 118 123 115 107 100 95 96 90 87 88 97 97 96 93 91 89 86 81 75 71 67 65 65 63 67 70 77 84 85 86 86 91 95 100 104 109 90 94 92 96 93 88 84 83 74 79 50 47 53 49 44 40 31 29 28 33
46 44 41 43 41 50 53 62 31 26 30 29 29 25 21 20 22 27 30 43 53 50 49 53 58 57 61 63 67 72 76 81 85 87 89 92 97 99 104 123 116 115 112 111 114 110 110 105 94 93 95 89 86 87 94 92 93 94 93 86 83 78 74 71 66 64 61 58 63 66 68 82 80 82 83 87 94 96 99 101 89 93 89 91 86 90 86 78 73 74 45 42 37 36 33 35 30 28 26 31
44 41 36 44 40 45 49 54 33 36 36 31 34 30 25 28 26 31 35 36 61 56 51 55 60 62 67 68 73 74 75 76 90 88 90 96 100 100 138 131 131 124 111 110 109 109 108 103 93 90 85 86 84 86 89 91 94 90 89 88 83 77 73 67 55 68 50 57 61 64 68 69 75 78 82 86 89 93 100 101 88 92 86 86 85 86 81 76 68 44 42 38 32 35 31 26 22 22 24 25
37 34 33 40 38 43 46 50 52 45 44 42 37 33 28 32 31 34 36 38 62 60 55 58 59 64 68 71 73 81 78 78 82 83 84 87 105 138 134 129 128 123 117 109 105 104 103 98 93 89 84 81 79 81 86 88 89 88 85 84 79 68 71 66 52 49 48 54 55 58 62 67 72 73 66 73 91 100 97 100 87 92 85 82 81 77 70 71 65 67 39 33 27 30 26 23 21 19 22 29
36 32 30 38 36 41 45 48 51 55 42 41 40 38 32 33 38 36 43 67 65 61 56 63 67 68 71 72 76 79 83 80 87 88 89 90 147 144 139 124 120 118 115 112 109 109 106 89 84 81 80 79 77 79 78 83 86 70 80 78 74 66 67 61 47 46 44 51 52 55 60 63 68 69 65 70 71 94 92 88 83 80 80 76 76 72 69 68 62 39 34 30 25 24 23 21 18 16 20 25
24 34 29 34 35 39 42 51 52 54 44 45 43 40 35 36 37 39 42 44 67 66 59 66 71 73 77 74 80 84 88 89 92 91 92 92 151 147 141 144 123 122 118 113 111 114 93 89 85 83 81 75 74 74 77 81 83 68 74 73 70 65 62 59 50 44 42 47 51 54 59 60 64 65 64 68 69 91 87 83 80 78 75 74 72 72 68 66 59 56 30 28 24 23 18 17 15 14 15 28
19 32 25 29 36 30 32 34 43 41 46 52 47 43 39 42 41 44 45 47 49 67 62 71 74 76 78 81 84 86 89 92 93 94 96 95 96 152 145 129 127 123 126 131 116 117 79 91 87 82 79 74 72 71 75 78 66 65 61 60 56 70 59 56 49 44 41 42 47 50 55 56 61 59 59 61 67 95 90 87 84 81 78 71 69 68 66 61 57 52 47 28 25 27 24 21 20 0 20 24
15 28 24 25 25 28 30 31 40 36 41 46 50 46 42 43 42 44 45 50 70 68 66 75 77 82 81 84 85 87 97 99 101 106 101 99 125 136 134 130 127 125 89 84 84 81 77 76 74 73 69 76 71 70 73 58 63 62 57 56 52 55 54 52 46 43 36 37 42 46 59 62 54 57 58 60 62 63 95 89 85 82 80 72 70 72 69 63 49 47 44 45 34 32 24 23 25 12 17 19
11 7 20 21 23 25 20 25 26 34 38 51 37 49 45 45 43 49 49 52 56 72 67 71 75 89 84 86 86 90 94 97 101 102 123 118 123 126 97 95 91 86 84 82 80 76 74 72 71 70 68 71 67 65 62 56 54 57 60 53 47 46 51 47 42 39 34 36 40 45 49 47 52 56 57 59 60 63 65 67 87 86 83 72 70 63 58 59 50 45 43 40 35 30 26 25 27 17 19 20
8 4 1 8 12 15 17 21 23 29 31 33 35 39 42 49 52 50 50 57 59 72 69 72 76 92 89 91 91 93 95 96 104 115 119 114 117 119 108 96 94 87 85 89 84 79 80 75 70 68 67 72 67 63 58 60 50 52 55 51 48 45 44 41 37 31 29 35 39 41 45 45 50 46 50 49 57 60 62 65 83 81 78 70 66 61 57 56 52 48 45 45 39 35 29 29 33 38 21 25
11 7 11 9 12 13 14 18 20 25 27 32 34 35 38 50 73 54 57 62 60 76 73 77 96 93 94 98 94 94 96 97 99 112 113 112 113 115 106 105 104 99 95 92 89 97 92 80 75 69 65 64 57 58 55 55 48 53 50 47 44 45 40 35 33 31 28 30 33 37 42 42 45 45 48 46 53 58 53 54 99 80 75 73 70 65 62 59 53 50 48 50 44 37 35 33 35 43 24 30
14 12 16 12 15 19 22 20 32 35 37 33 38 37 39 41 72 74 59 86 61 81 84 93 96 98 99 102 97 103 98 100 105 107 110 111 114 116 111 110 107 103 98 96 91 90 89 88 84 83 64 61 56 55 53 50 45 43 41 43 42 44 37 36 31 29 24 27 29 30 37 39 43 44 43 44 48 49 50 97 94 94 90 84 80 78 73 64 62 60 55 51 55 45 41 37 41 46 49 35
17 14 18 21 17 22 24 29 30 33 46 48 53 40 43 66 70 71 78 81 84 86 91 92 94 95 99 105 101 104 103 104 108 111 112 115 116 121 120 115 112 105 100 96 91 89 87 83 80 78 67 62 59 51 47 42 41 40 39 41 38 38 34 28 26 24 22 23 25 29 33 34 36 38 39 40 44 51 51 97 93 91 86 82 78 73 68 65 61 59 57 56 61 45 43 38 53 49 51 40
22 19 20 26 22 23 27 32 34 38 42 44 46 61 63 63 67 72 73 77 79 87 90 93 95 107 111 116 103 111 106 109 114 119 121 124 126 131 123 119 116 110 104 99 94 93 92 78 77 73 68 63 58 53 48 45 44 43 38 34 33 31 30 28 23 21 18 19 23 24 31 36 34 39 40 42 47 49 51 100 96 95 88 83 79 75 72 68 65 64 62 61 62 49 46 61 57 52 54 44
23 21 22 27 24 24 25 37 38 41 47 51 56 58 59 61 62 67 69 74 79 82 85 97 99 104 109 112 115 113 108 113 116 123 126 126 128 133 136 120 112 107 103 102 99 98 85 80 78 78 70 68 60 56 52 47 49 46 41 40 35 30 29 25 26 3 0 13 24 25 30 31 33 34 38 40 45 54 57 56 100 98 90 92 81 78 75 76 70 70 66 69 64 51 48 64 59 60 61 66
28 23 24 31 26 26 30 31 41 45 52 56 61 64 62 67 63 64 74 78 80 87 90 95 96 98 114 114 117 111 110 115 120 128 132 135 133 137 139 115 111 107 103 107 100 85 83 81 83 76 74 69 61 60 57 48 52 47 45 44 38 34 23 20 17 14 11 14 15 16 18 21 23 39 39 42 50 52 53 54 58 101 93 89 84 83 88 89 78 73 68 74 61 56 51 67 62 64 67 68
30 25 41 36 31 36 40 43 46 48 63 60 64 67 68 71 65 68 72 74 78 83 92 93 97 114 113 116 118 113 113 117 136 131 133 138 134 136 117 113 109 105 102 99 96 92 88 86 90 77 76 66 63 60 58 59 49 48 46 47 39 38 28 25 20 15 12 16 18 17 21 25 27 29 30 35 40 53 57 56 104 102 99 94 93 88 89 101 80 78 73 69 62 57 55 72 63 68 72 73
32 47 42 40 34 39 41 43 44 51 68 64 69 69 71 75 80 83 75 77 81 82 95 97 106 111 112 117 118 122 117 118 138 134 137 142 139 125 122 117 113 108 105 97 95 94 91 88 76 74 70 68 66 62 61 64 51 49 48 45 42 32 28 26 23 17 17 20 21 18 23 47 49 52 31 34 39 44 47 60 106 106 104 101 97 93 96 97 99 79 68 65 63 59 56 84 72 70 72 76
55 50 47 50 36 43 43 46 47 54 71 68 71 71 74 79 82 87 77 82 82 85 99 101 102 107 110 112 116 125 119 144 142 139 143 148 153 129 124 116 114 110 122 102 100 99 95 93 94 78 70 69 71 64 65 66 64 61 43 40 39 35 31 30 33 18 19 25 27 31 36 45 46 54 58 36 42 44 49 61 123 108 111 106 101 95 97 102 106 81 70 69 67 64 92 80 76 75 77 81
53 51 51 52 40 41 44 47 51 58 76 69 73 74 77 79 83 84 80 94 87 89 100 105 106 110 113 115 120 122 124 147 146 141 142 145 149 132 128 124 119 121 118 113 108 104 102 98 101 84 79 74 75 67 72 73 60 57 53 41 40 40 35 34 36 23 20 27 32 37 39 42 45 50 53 57 62 45 54 125 122 111 106 101 99 98 102 107 82 78 74 72 69 92 87 83 78 79 84 88
58 53 57 58 41 42 45 48 49 51 56 72 74 77 78 81 84 87 89 93 97 102 101 106 109 113 118 116 122 127 129 151 147 146 147 149 154 136 128 124 121 122 116 114 110 106 105 102 104 83 80 76 79 70 73 60 59 54 51 47 45 42 38 43 27 25 22 24 29 40 41 45 48 53 56 60 64 67 124 121 117 114 111 106 101 103 124 125 86 82 79 77 71 95 87 85 80 84 87 92
63 54 56 58 49 45 48 49 50 52 77 74 75 87 93 84 86 88 93 95 98 103 104 107 113 117 118 121 127 130 131 136 152 156 161 150 153 158 159 129 128 123 117 114 112 109 109 114 117 89 87 86 82 83 76 74 69 58 54 50 49 42 40 32 30 27 24 29 32 40 42 46 52 55 59 60 63 64 123 120 116 115 113 110 106 111 122 125 93 88 83 79 101 98 92 88 82 86 91 97
58 57 61 63 76 48 82 52 54 53 80 77 81 86 90 93 95 90 94 96 101 106 106 110 118 119 123 137 132 135 138 141 157 157 163 153 155 163 133 130 125 120 118 115 114 113 113 119 121 95 91 91 83 87 74 71 66 62 59 51 52 51 42 36 33 30 33 31 33 36 39 48 55 56 60 57 60 61 66 125 118 117 116 112 110 115 119 124 128 92 87 84 85 100 95 87 84 87 93 96
76 69 66 70 74 75 77 79 57 56 82 79 84 90 93 98 96 94 99 99 100 112 115 115 121 121 125 130 135 138 139 142 161 165 166 160 156 166 138 135 129 122 123 123 118 117 120 123 122 100 94 96 87 92 76 73 70 66 62 66 50 49 45 40 38 41 36 32 36 38 43 47 48 49 52 53 58 61 90 126 119 121 120 115 115 116 123 127 132 96 92 89 90 102 105 90 88 88 98 101
75 73 71 75 78 82 81 96 100 96 83 82 83 88 95 99 99 95 103 102 106 111 116 116 125 125 129 131 132 139 142 145 150 154 160 162 158 169 172 134 132 126 128 124 123 118 121 124 105 101 99 97 82 79 77 76 71 70 67 59 55 50 47 44 47 43 40 43 40 42 45 50 52 51 54 55 61 82 86 89 92 123 132 127 123 118 127 131 101 100 96 94 96 107 112 117 118 89 94 104
77 75 77 76 81 89 91 95 94 91 90 87 89 93 105 103 100 105 107 105 107 116 120 122 127 130 131 134 146 144 144 149 152 154 157 159 162 174 176 136 139 138 133 131 127 122 123 114 109 106 102 99 83 81 80 80 75 74 65 64 58 53 48 47 50 45 51 46 45 46 50 55 59 60 57 73 77 79 84 86 95 138 134 132 123 121 124 132 105 103 100 98 98 111 112 122 121 94 95 108
79 78 82 81 83 87 92 95 98 96 92 91 96 98 110 107 103 105 109 110 109 120 125 125 131 132 134 139 148 149 152 151 156 156 159 160 180 179 183 146 141 137 134 130 126 125 127 115 112 109 108 103 105 84 81 86 80 70 66 63 60 55 52 48 55 46 51 50 47 48 51 57 61 66 67 72 75 79 86 89 90 140 136 128 124 125 126 129 134 108 103 104 99 116 118 126 96 95 97 110
2 3
7 6 7
7 6 7
71 1
4644
4642
4639
4637
4632
4631
4630
4628
4619
4638
4642
4647
4648
4650
4653
4658
4660
4665
4668
4672
4674
4676
4680
4684
4689
4690
4691
4695
4700
4703
4706
4711
4713
4718
4720
1548
1543
1539
1537
1534
1532
1531
1526
1522
1521
1517
1513
1509
1505
1501
1499
1498
1497
1495
1492
1491
1486
1485
1482
1479
1474
1469
1466
1464
1460
1456
1454
1452
1449
1429
1436
3 7
2376 2361 4012 882 899 765 781
3807 3806 93 91 93 3453 4192
1591 3824 98 108 3933 3444 4191
8 15
3832 3838 3842 3853 1828 1825 1823 1820 1818 1461 1458 1443 2704 2705 2708
3849 3842 3845 3849 1828 1824 1807 1815 1816 1817 2706 2701 2690 2698 2713
4085 4083 4080 4766 3963 2397 2383 2396 1821 1826 2707 2702 1373 320 303
4083 4069 4079 4763 3960 3370 2386 633 627 1830 2710 1379 1361 319 299
2136 4070 4762 4759 3949 3966 623 619 623 624 2213 1383 2919 2906 309
2149 823 2257 2253 3058 3071 2209 622 626 2216 2208 2211 2922 2920 4312
828 817 835 2255 3073 2206 2196 2210 2217 2203 2204 2208 2211 2922 4330
830 825 838 2257 2222 2220 2215 2567 1503 2208 2207 2210 2213 2923 4334
20 12
4425 4426 4430 1411 1407 1403 1402 1404 1408 1411 1416 1419
4422 4416 4418 1403 1402 1400 1398 1399 1403 1406 1407 1409
4417 4415 4414 4411 4420 1405 1386 1396 1399 1404 1409 1413
4414 4413 4409 4397 4417 1403 1402 1397 1401 1404 1408 1411
4417 4415 4413 4404 4421 766 761 762 1404 1407 1409 1410
4418 4416 4414 4415 765 764 752 753 1405 1412 1415 1416
4421 4419 4419 4417 771 767 757 717 720 1416 1418 1419
882 878 874 867 730 725 706 712 715 724 2632 2634
886 874 870 865 1000 994 714 715 719 722 2630 2632
874 869 867 864 997 984 989 990 993 2630 2625 2627
876 872 850 844 845 1002 1006 991 2620 2620 2622 2627
862 861 856 853 854 1005 1010 2612 2615 2619 2621 2625
866 862 860 856 856 1979 1974 2611 2611 2613 2616 2619
871 864 865 1979 1977 1974 1973 2607 2608 2610 2611 2615
1743 1733 1728 1725 1723 1988 1970 2597 2601 2612 2613 2617
1739 1735 1732 1727 1722 1722 1975 2607 2602 2607 2612 1738
1740 1736 1729 1724 1721 1720 1719 1715 1719 1721 1734 1736
1743 1738 1743 1714 1710 1705 1701 1699 1704 1730 1730 1732
1744 1740 1719 1715 1712 1706 1705 1717 1721 1726 1728 1732
1730 1727 1723 1719 1715 1709 1707 1722 1726 1730 1734 1737
2 19
71 2066 2049 1598 1606 1609 1616 3455 3452 3458 3453 4497 4486 1546 273 1665 1661 4675 4655
73 2059 2057 1610 1609 1610 1613 3453 3449 3448 3440 3448 3188 3173 262 1656 1657 929 928
5 36
2120 2118 2114 2112 2109 2105 2110 2114 3198 3197 3204 3191 3198 2103 2102 2101 2093 2098 2912 2907 2903 2895 2876 2881 2917 2935 2936 2938 2939 1635 1634 1629 1627 1623 1619 1631
2125 2122 2115 2115 2109 2091 2097 4908 3198 3195 3186 3190 3193 2103 2099 2096 2092 2096 2909 2905 2900 2895 2892 2896 2927 2932 2936 2940 247 3058 1639 1636 1631 3062 1629 1631
2128 2125 2121 2120 2111 2099 4902 4906 4907 3207 3203 3192 3859 3859 2096 2092 2088 2088 2074 2082 2905 2899 2893 2931 2929 2734 2739 237 246 3054 3052 3048 3052 3060 3061 3066
2130 2126 2125 2124 4904 4900 4899 4890 4895 3867 3865 3863 3855 3858 3862 2088 2087 2085 2070 2080 2082 2902 2905 2712 2727 2731 242 230 244 248 3050 3047 3043 3057 3062 3066
2132 2131 2130 2125 4887 4885 4884 4888 4890 3865 3860 3858 3841 3849 3852 2090 2087 2082 2064 2075 2076 2906 2714 2711 2710 2729 239 234 236 240 3052 3048 3060 3061 3065 3069
8 4
1311 1308 1312 4458
1317 1301 1316 4452
1498 1486 1496 4152
4033 4020 4032 4142
4885 1172 4657 4649
1176 1159 1887 1867
464 4928 4908 1877
458 461 4915 1878
49 2
822 816
838 834
840 837
845 849
846 854
850 2581
2582 2577
2582 2574
2580 2573
2564 2572
2570 2576
2573 859
862 858
4888 853
4887 851
4868 841
498 1199
505 1215
506 1898
1888 1882
1794 1893
1779 1780
1785 1416
4921 4918
4930 4927
4934 4929
4935 4933
947 4938
942 943
938 933
934 932
939 931
941 937
942 1083
1080 1068
1702 1069
1700 3302
1695 3290
1693 1708
1699 1704
1700 1707
1711 1708
1716 1713
1721 1718
1725 1722
1726 1724
1730 1727
1732 1731
1733 1734
2 17
1025 1013 1028 1032 3766 3758 3760 1862 1860 1848 521 512 2168 2187 3447 3429 3432
1030 1020 1036 1037 1038 3776 3765 2085 2083 2070 2074 324 335 3456 3452 3447 3452
12 7
4023 4026 199 194 4230 4235 4237
4025 2138 2140 4226 4215 4225 3217
4690 3775 3776 4231 4227 1379 3199
4686 3759 3776 1384 1382 1381 3567
4688 3773 1552 4255 193 192 1448
1568 1565 1546 4250 209 205 785
1573 1566 4252 4240 4249 795 778
1574 2048 2035 4241 1405 1423 782
1163 1160 2041 355 352 365 368
1166 1147 85 1242 367 3109 3110
1156 1155 88 907 3106 3094 3106
1161 1160 898 895 905 3419 3436
5 21
3925 3921 2459 2458 2460 2456 2461 2464 838 833 1256 1248 1265 1267 1385 3517 3514 3509 3510 3513 3517
3918 3916 2460 2455 2450 2447 2465 4752 833 830 822 3810 3812 3816 1381 3512 3507 3504 624 628 629
3902 3911 3912 1083 779 769 771 4742 4758 835 829 3826 1380 1379 1376 3494 3491 3484 612 620 634
3901 3893 1081 1073 1074 784 4758 4755 4591 2427 2430 1378 1376 1374 1362 1373 3494 3346 803 2014 2017
3906 3898 1084 1086 1079 1081 4609 4604 4590 2416 2417 1380 1379 1375 1372 1586 3344 3340 801 2003 2022
16 1
2428
3224
3231
3236
3241
4569
4568
4565
4554
4234
4247
1877
4755
4879
4860
4862
5 5
23 9 0 24 24
8 9 16 25 11
0 16 30 16 0
11 16 15 23 9
5 21 0 7 13
47 2
2356 2353
2350 2349
2344 2347
2339 2336
4789 2342
4784 4794
4802 3931
1149 3928
1132 3911
1152 3919
3754 3759
3747 3757
1343 1362
1358 1363
1360 1362
1485 1495
1481 1491
4652 4653
282 286
294 2855
517 2836
265 2848
255 272
256 2336
258 2342
3859 3862
3858 3861
3856 3857
3854 3838
3858 3839
2208 3842
2204 2206
2199 2203
2196 2207
2205 2210
470 2214
469 472
465 463
462 460
470 452
1499 1490
1502 1509
1504 2397
2394 2394
2391 2390
2394 2375
2384 2380
2 16
3100 1204 1214 3012 660 152 15 22 24 102 106 4070 4069 4063 387 1627
3087 3457 3471 3668 659 134 150 24 97 87 92 4063 4058 4061 367 1611
3 2
1270 3017
1416 114
1075 788
27 2
1164 1158
1169 1173
1172 1177
1176 1177
1180 1184
1182 1186
1186 1187
1189 1192
1193 1195
1198 1203
1202 1205
1206 1208
1207 1213
1209 1210
1212 1213
1215 1218
1219 1223
1224 1224
1228 1229
1232 1233
1242 1238
1243 1241
1246 1244
1248 1249
1252 1250
1253 1255
1256 1260
6 19
2280 2278 2274 2273 2284 2287 2289 2294 2758 2762 944 948 791 790 804 3689 3682 3691 4866
3759 3756 2297 2293 2286 2290 2295 3685 2753 2747 2767 2772 2777 808 4665 4657 3698 3287 4863
3756 3754 526 522 518 517 829 3680 4115 2759 4541 4548 274 257 4661 4651 4652 4864 4851
3752 3751 521 519 512 514 827 3677 4111 4547 4528 4544 3331 3315 1178 1162 1180 2037 2034
3753 3749 3746 3743 3740 825 820 3662 4106 4125 4316 4545 3325 3320 1183 1178 1774 2041 2041
3754 3752 641 637 622 633 839 3174 3160 3170 4304 4307 4312 1777 1775 1755 1771 1775 2046
1 16
2913 2412 3894 618 622 1105 1099 4825 2173 4336 4980 2110 2115 4884 4879 4869
1 3
3117 2995 4382
7 1
3827
3825
3822
3820
3807
3097
3111
59 2
3173 3446
3166 3172
3276 2478
3260 2464
1013 1021
1021 1023
1024 1024
913 3763
904 3759
3770 3755
2768 3760
2748 2765
2757 3119
3115 3117
3130 3122
3132 3125
3082 3129
3078 3079
3073 3072
3072 3070
3054 3065
3050 3047
3052 1089
1081 1072
3804 1085
3790 3808
3807 3812
1217 1220
1213 167
1210 160
1197 1200
1209 3948
1213 3968
1214 3972
4008 4009
4003 4000
4008 4005
4008 4006
4012 4009
4013 4016
173 178
169 173
168 173
167 143
163 141
158 140
153 137
133 134
147 139
148 143
149 147
154 150
158 154
4920 4921
4915 4916
4911 4912
4906 4893
4902 4889
4883 4888
9 10
787 793 790 788 786 788 345 353 359 362
785 782 781 787 785 348 344 349 356 357
784 781 778 774 783 347 343 348 351 355
787 782 775 773 781 345 342 347 350 354
527 779 774 771 777 343 341 344 345 350
524 519 770 768 757 768 325 340 341 351
519 516 518 768 765 328 327 328 330 334
516 512 526 771 769 333 332 336 339 344
524 508 525 530 774 337 336 339 343 344
7 12
3637 3636 3619 3633 3637 3670 3668 3653 2591 2592 2594 4067
2091 2088 2079 2082 2086 3665 3664 3649 2587 2605 2610 4063
4006 4002 3990 3997 4000 4001 3666 3652 2604 2606 4058 4060
2955 2951 2931 2946 1678 1671 3254 3253 3252 2633 4055 4058
2957 2954 2937 1680 1676 1665 1683 3352 3337 2621 4036 4055
2960 2957 1690 1686 1681 1682 1685 3073 3340 2633 4042 4045
2961 1696 1693 1691 1683 3084 3080 3071 3090 2634 4043 4048
3 44
4289 4287 4285 4282 4263 4276 4275 4270 4275 4280 4499 4495 3206 3203 4152 4141 4152 4154 1119 1117 1118 1969 1968 1964 3116 3117 3121 3123 914 910 905 904 884 896 900 905 910 2603 2602 2597 2588 2593 2597 2600
4289 4281 4281 4277 4260 4260 4261 4267 4272 13 4489 4477 4491 3198 3193 3184 1626 1628 1116 1113 1117 1969 1965 1951 3112 3116 3116 922 917 913 907 906 894 896 900 905 912 2603 2598 2596 2594 2599 2600 2604
4284 4279 4277 4272 4255 4257 4260 4263 8 7 16 4485 4490 3199 3196 1626 1624 1630 1113 1095 1112 1113 1966 3108 3106 3112 3115 3118 919 914 909 896 895 899 904 908 910 2602 2600 2599 2597 2606 2601 2604
10 8
2436 2431 2430 2433 2436 2437 2441 963
4705 2434 2432 2433 2439 2441 959 958
4690 4710 2434 2435 2438 960 955 957
4701 4713 4715 4720 962 955 954 964
4706 4718 4716 1259 958 954 953 961
1263 1261 1258 1255 1260 951 949 948
1266 1262 1254 1253 1257 1262 2425 955
1274 1273 1269 1250 1260 2410 2405 2412
1270 1265 1255 1251 1252 2413 2410 2416
1266 1261 1258 1253 1253 2413 2411 2420
64 5
439 434 429 424 416
444 434 430 428 425
437 436 431 436 430
1440 1430 1429 440 3059
1436 1427 1424 1429 3057
1435 1431 1422 3048 3053
1430 1428 1418 3036 3049
1437 1433 1432 3047 3050
1821 1820 1801 1817 1820
1807 1805 1802 1822 1823
2519 2516 1806 1824 2542
2517 2513 2521 2539 2541
4255 2531 2532 2535 2539
4249 4266 2534 3607 3611
4259 4262 3610 3606 3604
4264 4269 3611 3611 3610
4269 4270 4018 4023 4028
863 4015 4016 4021 4024
858 4005 4011 4015 4023
860 4008 4012 4015 4018
3831 3842 4013 4017 4021
3850 3853 3858 4021 4026
3851 2937 2936 2940 2943
2947 2929 2934 2935 2943
1171 2931 2937 2940 2941
1169 1171 2942 2942 2946
1155 1161 1164 1044 2947
1156 1031 1038 1043 1046
1030 1029 1035 1041 1038
1027 1015 1032 1036 1037
4251 1018 1033 1037 1040
4250 4243 4257 1042 1043
4246 4236 4256 4264 1045
4249 4253 4258 4260 4828
245 248 4262 4832 4819
241 242 2358 2354 2346
252 256 2361 2356 2359
253 257 2639 2360 4088
254 2640 2638 2639 4083
2643 2639 2635 4086 4071
2636 2635 2630 2633 4074
2641 2638 2632 3370 3373
3368 3364 3361 3366 3368
3373 113 3359 3359 3371
122 107 3347 3356 3358
114 113 3349 3354 3356
118 116 3353 3356 3360
2175 2174 3356 3357 3359
2171 2170 2174 3360 3364
2170 2168 2167 2166 2177
2168 2164 2163 2162 2176
2966 2169 2164 2165 2170
2961 2978 2169 2168 2172
2980 2981 2982 2172 2175
2981 2985 142 159 164
1728 150 135 155 4715
1716 1729 4697 4698 4710
1727 4703 4696 4704 4709
1731 4707 4709 4707 4710
1735 4712 4711 4711 4712
1736 1741 4713 4715 4719
1738 1739 1740 4718 4719
1741 1740 1743 4722 1757
1743 1745 1750 1751 1754
8 3
1686 676 687
4681 684 686
1052 1063 1067
1823 1838 1519
1832 1509 1507
4191 4185 2121
1379 1366 2133
1383 1369 2136
1 67
2751 2753 2758 2762 2767 4787 4767 4769 4772 1216 1214 1208 1210 1233 1232 1218 3596 3600 3602 3603 3604 3609 3612 1480 1479 1476 1472 1470 1582 1601 1606 1610 1611 4503 4502 4499 4496 4491 1601 1612 1617 3629 3627 3623 3622 3609 3610 3614 2603 2600 2599 2598 2595 2599 2602 1199 1196 1176 1182 1186 1294 1286 1288 251 256 257 261
1 9
3523 575 1307 1323 1647 1335 1376 2567 4151
63 3
2974 2971 2973
2973 2970 2973
2968 2969 2968
2963 2969 2964
2962 2967 2963
2959 2956 2962
2955 2954 2959
2957 2952 2958
2954 2949 2954
2934 2944 2948
2933 2943 2944
2941 2945 2946
2942 2950 2948
2945 2948 2952
2950 2953 2954
2955 2956 2960
2668 2960 2964
2663 2661 2669
2662 2659 2664
2659 2654 2656
2652 2649 2648
2651 2647 2645
2646 2642 2640
2644 2640 2636
2642 2637 2634
2637 2632 2631
2615 2628 2627
2614 2620 2624
2611 2616 2621
2610 2614 2615
2590 2597 2616
2601 2605 2608
2606 2608 2611
2618 2613 2616
2619 2616 2619
2624 2618 2623
2627 2620 2625
2632 2623 2626
2634 2632 2630
2637 2633 2634
3865 3860 2635
3863 3859 3862
3862 3857 3862
3861 3854 3857
3856 3853 3853
3844 3848 3852
3842 3847 3847
3839 3844 3845
3835 3840 3843
3822 3825 3830
3840 3829 3831
3843 3830 3834
3836 3833 3838
3840 3835 3842
3843 3845 3853
3845 3849 3850
3847 3851 3242
3249 3244 3241
3240 3239 3238
3236 3232 3237
3230 3227 3232
3234 3225 3226
3231 3215 3232
2 41
2608 4545 4535 2015 2022 2026 3747 3744 3739 3341 3322 3325 3329 4994 3370 3353 3356 3846 4934 4181 4194 1784 1790 2653 2647 2653 2168 2167 1255 1245 1265 4863 4849 4867 4870 4871 4873 4878 4883 4884 4888
2596 2613 4538 244 245 247 3752 3737 3734 3728 3332 3326 4979 4975 4905 3356 3838 3831 4928 1769 1778 1783 1788 1789 2643 2634 2651 2160 2162 1255 1256 4864 4867 4870 4875 4875 4874 4882 4886 4891 4889
20 1
3541
3676
2455
177
2062
3965
3695
4976
4969
354
2413
2415
4498
3233
3246
615
610
2178
2232
188
100 100
70 80 77 73 71 73 60 58 61 57 61 61 59 55 51 50 46 43 43 37 36 28 27 28 60 58 56 61 45 41 38 39 38 37 42 53 51 43 40 39 38 34 30 28 33 34 39 41 44 45 57 59 64 57 59 56 56 61 64 65 87 84 83 78 83 87 93 89 91 82 75 94 93 91 89 87 85 89 46 41 38 36 32 31 29 24 20 17 0 16 21 25 30 32 35 36 38 42 61 63
68 70 76 73 68 63 59 57 58 53 58 57 61 72 47 45 43 41 39 36 31 26 22 18 58 56 55 45 42 38 37 36 33 36 38 31 50 49 44 41 39 30 29 24 25 37 42 43 47 50 52 53 46 52 57 54 53 58 59 64 68 80 78 77 81 83 89 87 83 79 74 73 91 88 85 84 80 85 40 39 36 31 28 27 23 21 20 17 14 19 23 28 30 35 38 52 56 55 60 65
64 66 70 66 64 62 58 55 57 52 53 54 76 69 68 56 54 46 42 41 36 20 18 15 18 25 50 48 46 38 36 33 31 23 26 28 35 36 47 44 26 24 20 21 26 27 32 55 52 37 39 46 44 49 53 51 51 51 53 58 65 68 75 74 79 82 85 83 86 77 73 71 74 83 79 78 75 74 44 41 40 36 33 32 27 23 22 22 18 22 25 32 35 39 45 51 52 54 62 59
62 63 71 67 65 56 54 52 48 47 49 73 71 67 64 55 50 42 41 36 21 16 13 12 17 20 45 43 38 37 32 30 29 21 24 25 34 32 36 22 25 20 17 17 20 22 27 37 40 34 36 37 41 44 51 46 47 48 50 54 64 64 70 73 74 77 81 80 71 70 71 66 68 65 81 78 74 70 65 64 55 55 39 35 28 27 26 22 21 22 25 36 38 40 41 46 51 53 57 58
61 62 60 55 54 53 51 50 47 46 48 72 69 65 60 47 47 40 39 34 10 8 5 9 13 22 40 39 35 32 29 28 25 20 23 28 31 28 25 19 8 9 13 14 18 19 20 32 37 33 31 36 38 39 40 42 47 48 52 66 60 62 65 68 71 72 77 75 69 66 67 64 67 64 62 72 68 67 63 59 54 50 37 36 32 29 31 27 26 30 31 36 41 42 46 47 54 56 60 63
57 58 63 70 72 62 55 51 46 45 43 44 65 57 56 45 43 40 35 29 29 5 3 5 7 10 42 35 33 32 27 25 20 19 21 31 28 24 24 15 5 6 9 14 22 23 27 28 31 34 29 34 35 38 37 39 44 45 66 61 58 61 65 69 72 76 73 70 66 63 65 62 65 63 60 63 68 64 63 60 53 48 46 41 36 34 36 31 28 35 37 42 45 46 49 53 59 57 64 67
56 68 68 65 68 59 55 52 50 46 41 46 60 56 51 50 48 32 30 27 26 22 2 5 6 8 10 18 17 15 12 2 1 0 17 27 25 23 20 12 1 3 4 21 27 25 30 33 32 29 25 27 32 32 35 37 41 43 47 52 55 57 62 73 75 78 65 65 64 62 55 58 56 58 55 60 49 47 46 43 45 53 48 46 40 36 38 36 31 38 38 47 47 48 52 53 55 57 68 73
55 65 67 62 58 57 52 49 46 45 40 41 62 60 54 41 36 33 32 26 22 19 0 6 14 20 24 23 14 11 7 5 2 1 6 24 21 19 17 13 11 12 14 19 22 26 25 20 23 21 22 25 27 28 30 32 34 36 38 49 54 56 61 66 71 75 64 63 62 58 54 53 55 56 52 52 57 53 43 42 41 40 38 38 41 41 35 41 36 39 39 51 52 53 55 57 61 62 67 72
53 62 64 58 57 55 47 46 41 42 39 44 47 44 39 38 35 30 27 25 24 23 10 11 13 16 20 20 17 14 11 6 3 5 10 33 26 24 20 14 14 17 18 23 25 37 23 19 20 18 21 26 29 32 34 33 35 38 41 46 49 59 66 68 73 76 65 60 55 57 52 51 56 50 47 49 54 51 49 44 40 37 36 35 40 35 33 34 39 40 42 45 54 59 60 59 62 63 71 75
52 59 61 56 54 52 45 41 38 36 36 36 39 42 46 38 37 32 31 32 29 28 13 14 18 20 25 21 20 17 14 10 6 9 32 30 28 26 21 18 19 21 25 27 28 33 15 15 8 0 14 15 19 24 29 38 41 46 47 50 55 57 58 61 76 64 60 57 54 52 50 46 49 45 46 47 48 47 46 42 37 38 36 31 31 29 29 31 42 47 45 71 78 63 88 60 65 104 116 113
50 54 65 55 52 47 47 37 35 34 32 35 34 39 43 44 41 41 36 34 32 29 15 24 21 24 32 26 23 21 16 14 17 22 37 35 30 30 33 38 21 24 28 31 29 15 13 12 11 7 10 20 24 25 33 40 44 46 51 53 56 61 62 63 64 64 62 61 58 57 48 45 44 40 42 46 35 44 40 39 35 34 35 30 26 24 27 29 41 44 67 69 73 78 83 87 92 102 104 109
47 50 64 63 59 45 43 39 34 32 27 31 33 37 41 42 44 44 37 39 36 32 37 24 22 25 29 33 24 23 21 18 22 26 43 39 37 34 38 40 25 25 33 33 33 16 17 15 15 8 9 13 16 19 28 43 48 48 52 53 61 62 64 65 65 67 63 62 63 55 50 47 37 36 31 27 30 41 38 38 34 31 24 21 27 23 25 31 36 41 65 67 70 82 85 89 93 97 102 104
42 49 61 58 56 45 41 38 35 28 25 29 32 36 40 44 47 47 51 41 36 33 38 25 26 30 34 38 26 24 23 19 23 31 44 41 39 36 40 41 29 26 31 39 35 23 20 17 22 12 15 18 17 18 23 30 49 49 56 56 65 63 65 66 69 70 64 62 59 56 52 50 38 35 30 25 25 38 37 34 30 26 21 17 27 22 23 28 29 60 63 68 88 87 92 93 97 100 103 109
38 44 43 56 55 43 39 37 32 28 24 28 31 37 38 42 46 47 60 40 35 34 38 26 35 31 38 40 30 28 33 20 39 34 49 46 44 46 47 44 32 29 32 41 36 25 23 20 26 15 20 20 22 20 25 29 30 34 42 49 52 60 60 67 66 84 76 69 65 60 33 31 29 27 26 24 23 19 12 31 27 25 20 16 16 17 20 22 24 55 62 64 67 91 96 103 98 100 106 107
33 41 41 46 53 47 43 33 30 26 23 25 26 31 40 43 48 52 55 56 39 38 41 30 31 32 42 47 32 29 30 25 29 35 51 48 47 50 49 45 36 34 43 42 41 30 56 25 30 16 21 22 24 21 28 34 31 36 39 44 45 57 58 62 65 80 75 70 67 64 35 34 27 26 22 21 19 15 11 9 7 3 1 0 13 14 17 22 50 53 57 62 63 96 96 101 103 101 102 103
32 37 40 44 48 49 47 29 25 22 19 21 25 28 36 38 50 53 55 58 62 41 45 32 32 33 46 51 34 30 31 30 34 40 52 49 52 54 48 47 37 38 51 46 45 50 51 53 21 19 25 26 28 29 34 36 32 37 40 46 50 53 56 60 63 65 79 75 69 65 47 36 39 27 25 23 22 19 14 13 11 7 4 20 14 19 20 23 46 48 51 54 57 87 92 94 98 100 101 102
27 32 36 49 50 31 36 14 10 9 0 12 26 30 31 33 36 57 59 62 67 46 50 54 34 36 56 55 39 32 33 33 39 40 63 58 57 62 55 52 40 39 55 55 50 51 52 55 58 21 29 28 29 34 36 37 40 39 48 47 52 57 60 64 65 69 72 54 51 50 43 35 34 31 30 30 27 28 21 16 12 7 5 22 18 22 27 39 41 42 54 77 80 82 87 88 89 90 107 104
26 31 35 37 34 30 34 16 15 11 18 21 29 34 38 44 45 62 61 62 67 50 54 55 39 43 57 56 57 33 37 42 44 43 66 59 58 63 60 55 44 40 60 59 55 57 56 61 62 23 36 33 35 35 37 39 42 47 52 49 51 60 61 69 68 73 93 50 48 45 41 40 38 35 33 31 31 20 16 14 11 9 28 25 22 26 37 38 42 40 42 74 76 87 91 91 95 99 103 106
22 25 29 22 30 25 30 28 19 15 23 24 42 39 40 41 43 48 65 65 69 61 57 62 44 48 64 59 61 35 39 43 47 66 65 61 60 64 67 68 49 67 63 61 56 60 60 61 65 69 39 37 38 37 40 41 43 61 57 53 56 64 66 74 73 78 89 80 53 50 46 41 40 38 38 36 23 22 18 16 12 10 30 29 27 30 32 34 35 38 64 69 70 74 77 81 86 102 105 110
21 24 24 20 21 22 25 27 28 32 27 44 43 43 45 46 51 61 62 63 67 71 59 66 47 51 56 61 66 40 47 45 50 70 67 62 65 66 71 72 80 75 73 71 66 63 66 65 67 47 42 40 43 38 45 47 52 57 59 56 60 66 69 77 76 88 86 77 57 52 47 46 44 48 32 31 28 23 22 18 17 19 20 31 30 31 37 38 43 62 62 65 66 71 76 79 83 105 106 91
19 22 19 17 18 20 21 25 28 27 34 38 37 52 48 47 48 58 62 68 62 65 73 70 48 52 53 66 71 54 49 47 75 73 71 64 74 69 70 71 86 83 78 73 70 65 69 70 71 75 47 49 44 51 50 52 54 61 66 70 62 67 71 82 90 86 81 76 74 70 51 50 46 58 55 36 34 31 29 23 18 20 35 32 31 46 41 45 57 57 61 62 66 71 75 79 80 82 86 89
18 17 15 1 5 17 18 21 25 26 31 33 36 41 50 52 56 57 58 59 60 62 67 75 60 56 61 65 72 87 84 81 77 78 74 80 76 70 75 72 91 88 79 75 73 76 77 78 74 78 81 54 49 58 55 58 58 62 71 75 64 72 75 83 78 77 74 73 69 65 64 58 60 56 51 39 36 31 27 25 20 21 26 37 33 45 44 47 52 55 59 63 64 73 75 79 82 86 87 92
19 13 10 8 13 16 21 23 28 28 33 34 39 44 53 54 59 61 66 70 71 64 71 75 62 60 62 66 70 90 88 85 86 81 77 81 80 82 84 87 89 91 80 79 77 80 78 62 79 66 69 121 119 116 56 106 112 115 116 78 76 74 105 101 84 79 77 78 63 62 61 56 55 50 46 42 37 36 30 28 23 22 64 60 54 51 47 48 49 51 54 58 61 74 75 78 82 84 88 93
23 14 12 13 17 19 23 38 39 31 36 38 43 46 51 56 60 63 65 70 95 90 93 77 101 104 64 69 71 95 91 96 89 86 80 83 83 85 85 92 91 88 85 81 80 84 56 59 63 64 65 118 113 111 109 105 109 114 119 118 77 103 100 98 102 87 87 83 79 68 66 60 58 48 46 44 41 41 32 30 70 65 62 57 56 54 51 50 50 52 55 60 64 67 78 80 84 88 91 94
30 27 16 15 17 20 34 35 38 39 43 39 45 47 56 61 62 67 70 72 76 85 91 93 100 105 109 71 98 92 93 100 73 89 82 86 87 75 67 79 84 93 91 86 87 61 55 58 59 63 89 86 116 104 103 103 103 106 111 113 115 102 98 95 89 84 83 78 77 76 71 73 63 52 49 47 43 42 45 35 73 67 64 61 61 55 57 51 55 54 56 61 62 66 67 71 76 81 83 84
29 26 22 18 22 26 29 31 33 34 37 40 43 48 61 64 67 71 73 76 80 84 86 91 99 104 77 95 93 91 85 85 71 68 63 72 71 70 65 74 68 65 61 59 55 59 54 55 56 59 87 82 88 101 99 98 99 104 109 106 103 99 97 92 88 87 84 83 79 77 74 75 58 57 50 50 48 47 46 37 38 67 65 64 62 57 61 62 62 57 59 64 66 68 69 71 72 77 78 80
31 29 23 20 25 30 31 32 47 50 40 45 61 66 65 71 70 73 77 78 83 85 88 92 94 99 74 90 88 86 82 81 78 65 62 67 62 68 63 69 66 61 60 56 54 55 51 51 54 59 83 80 83 86 100 97 99 102 106 101 106 106 99 97 91 90 87 88 115 82 77 79 104 61 65 60 56 52 57 41 40 45 69 66 64 62 62 64 64 58 61 66 70 74 70 87 77 79 83 87
33 32 33 31 27 31 34 41 42 47 49 57 56 59 62 66 68 69 71 76 78 80 92 97 97 102 71 89 84 83 79 77 73 78 61 60 57 54 60 66 63 57 56 53 50 55 49 50 51 53 80 76 78 83 96 93 94 96 94 96 101 102 105 99 103 126 122 118 113 110 108 101 102 105 65 62 59 55 58 44 44 70 69 66 65 66 65 68 72 68 66 67 73 76 78 82 84 88 89 102
34 38 37 33 28 32 34 39 44 46 47 52 54 55 58 61 63 65 77 72 75 79 77 75 77 79 69 63 85 77 76 74 70 75 60 55 53 51 55 60 59 54 50 49 48 47 46 45 50 52 76 73 76 79 95 91 90 94 92 94 96 98 102 103 104 128 126 113 112 109 104 99 101 106 109 66 63 60 93 89 84 79 76 75 70 47 47 53 77 73 70 72 74 76 82 84 87 90 97 101
38 45 42 41 38 34 39 40 43 45 52 57 58 61 66 65 65 67 75 71 74 70 71 70 76 82 64 61 68 74 71 67 65 63 54 53 49 46 48 54 55 50 49 47 44 42 49 44 45 80 75 70 72 78 85 84 87 89 87 91 93 97 100 103 106 106 129 131 113 106 103 98 97 96 104 109 108 113 117 92 87 84 80 77 44 43 45 48 51 78 75 81 77 81 84 91 90 92 96 108
55 50 44 44 42 35 36 45 47 48 55 61 62 63 68 70 67 71 71 69 67 67 64 69 73 77 61 60 63 61 66 62 64 62 66 54 47 43 46 49 52 52 47 45 40 41 47 43 45 75 74 69 74 77 80 81 86 76 84 82 85 92 97 105 104 103 108 132 133 112 108 101 96 95 99 102 105 108 77 59 54 50 49 46 43 38 39 42 45 47 49 45 79 86 90 94 94 96 101 104
58 53 46 44 43 37 53 58 60 62 59 62 69 67 68 82 68 73 70 68 66 64 60 65 61 62 59 57 62 58 62 59 60 61 64 69 44 42 41 44 36 31 30 40 35 40 42 40 43 45 63 64 65 78 64 64 77 75 80 81 83 88 80 85 101 102 103 133 104 100 98 95 94 93 96 97 100 105 74 70 52 48 44 43 38 34 35 36 47 40 45 42 46 89 56 58 59 101 105 61
70 67 49 48 45 46 51 56 60 61 64 68 72 70 74 77 78 79 72 71 69 58 56 62 60 59 58 54 54 53 55 56 58 60 63 43 45 41 39 39 33 27 26 33 32 29 39 35 42 47 59 60 65 65 61 63 67 70 67 85 74 75 79 83 96 98 101 104 102 98 96 95 90 88 91 94 95 77 70 66 70 48 43 41 36 31 28 29 33 36 40 39 44 49 54 59 55 57 52 59
65 63 59 55 50 50 53 60 63 72 66 69 73 72 79 78 80 76 71 67 70 56 53 54 56 59 53 50 49 48 51 52 56 62 43 42 43 39 36 37 28 23 21 22 30 27 29 34 39 40 54 57 62 58 57 60 70 66 65 68 70 74 82 90 93 96 99 103 104 100 97 96 89 84 79 81 74 73 68 64 68 49 45 43 33 28 25 28 33 35 37 38 42 46 50 53 53 55 50 54
69 64 60 56 52 54 58 63 65 69 70 70 75 80 84 81 72 67 65 64 60 54 52 48 52 60 54 48 49 47 50 53 35 36 40 37 38 34 33 32 27 20 17 21 27 23 28 32 36 37 50 54 55 58 56 58 58 65 62 64 65 77 80 85 90 91 107 106 105 103 90 88 84 81 78 80 73 72 63 61 72 66 71 25 31 28 24 21 26 30 35 37 39 41 57 57 51 45 49 49
68 65 68 57 62 58 59 64 69 74 74 51 50 82 62 60 74 69 61 60 55 50 48 45 49 55 50 45 40 42 47 53 34 33 38 34 34 33 30 27 25 15 14 19 21 21 24 28 32 36 45 53 52 55 51 55 56 62 61 68 68 75 78 82 95 90 106 103 104 95 87 86 82 78 77 76 71 69 64 60 69 65 67 23 19 17 23 18 20 27 30 32 34 27 54 52 48 43 44 47
69 68 72 70 67 63 60 69 73 75 80 51 47 53 57 58 69 67 58 57 52 49 46 42 46 56 28 40 35 40 45 48 53 32 33 29 43 38 23 21 20 17 12 15 17 20 22 24 28 32 40 52 48 49 50 51 55 58 60 65 66 71 74 79 84 88 91 99 97 93 87 82 78 73 76 71 76 73 61 59 63 64 66 18 17 13 18 13 19 24 25 29 33 25 28 50 46 41 39 42
73 71 74 73 70 68 64 70 76 47 42 43 46 48 53 59 68 63 54 52 53 52 43 40 36 28 27 36 33 36 37 47 52 30 28 27 28 24 23 26 25 13 9 11 15 19 26 28 30 34 37 44 44 48 49 50 54 55 58 60 70 74 79 83 86 93 102 97 94 91 90 86 77 72 72 67 63 66 62 57 58 59 52 17 13 9 7 11 16 19 23 17 18 24 29 53 49 40 36 41
79 75 80 78 74 70 74 71 46 43 41 42 44 46 51 55 62 58 53 50 48 42 39 35 33 31 23 25 32 34 37 45 48 33 30 26 25 21 19 17 14 10 7 8 13 17 30 34 32 36 38 42 43 45 48 54 57 58 63 65 82 77 80 97 97 94 97 100 96 93 91 74 71 70 65 63 62 60 58 54 53 47 50 14 10 7 4 9 21 18 21 15 17 21 25 24 54 28 35 36
82 84 81 79 83 47 36 33 31 40 36 37 40 45 48 52 56 63 49 48 43 39 34 33 30 26 22 24 27 32 37 41 43 45 33 30 29 24 20 13 8 6 0 20 22 26 31 35 35 37 39 46 46 47 52 54 57 60 68 73 77 80 91 93 97 96 98 105 84 80 77 76 74 75 67 64 60 58 57 53 48 43 48 13 8 5 1 8 17 13 17 12 14 19 20 20 25 26 30 31
86 88 83 82 49 45 36 32 28 32 31 34 31 48 53 54 57 66 48 46 41 36 34 27 27 23 20 22 23 27 32 37 38 39 36 51 46 41 25 11 9 8 3 24 26 28 29 34 37 58 41 43 50 52 57 58 60 65 73 75 80 82 86 91 96 106 108 112 82 81 78 79 78 77 72 69 65 59 62 54 44 42 45 47 20 19 0 7 12 11 8 11 16 14 18 19 20 21 23 34
94 89 88 84 44 41 36 31 27 28 27 29 26 28 54 58 35 37 52 47 43 33 31 26 22 20 17 4 27 31 15 15 16 21 51 49 42 37 42 11 10 11 7 29 33 35 47 53 50 55 60 58 53 53 61 63 64 69 78 82 81 85 89 90 99 101 105 87 86 85 83 81 82 74 72 70 67 51 50 47 43 40 44 46 35 6 3 11 11 10 7 10 11 13 17 18 22 23 33 36
62 50 48 47 45 40 37 33 25 24 22 24 21 26 27 32 33 34 39 36 31 27 26 24 19 15 13 3 8 12 12 14 18 52 48 44 39 35 38 42 14 12 8 34 37 39 43 48 49 50 53 54 59 56 62 64 66 74 79 87 83 87 92 94 96 97 98 95 91 89 85 80 79 78 75 76 71 76 51 41 39 37 41 34 32 8 7 16 9 6 1 3 13 17 20 19 22 24 29 34
61 58 53 45 41 38 33 28 23 20 17 18 17 22 24 29 30 33 53 49 45 31 19 18 17 12 8 1 6 7 8 11 12 14 49 39 37 32 35 39 40 17 12 14 38 41 47 49 54 55 59 63 67 59 65 67 71 79 80 92 94 91 96 100 100 100 105 95 93 90 89 85 81 87 82 78 74 44 41 37 35 33 30 30 31 35 10 13 11 11 17 21 16 17 21 20 25 28 33 37
57 62 52 33 28 27 26 24 20 15 12 9 14 18 21 27 28 31 49 45 42 38 30 27 22 26 25 20 22 27 32 34 35 38 35 34 28 27 31 34 35 22 14 15 17 19 51 54 57 60 64 69 73 75 90 92 98 100 82 97 99 96 97 100 112 121 108 93 88 86 87 79 77 69 66 68 76 58 55 36 34 32 29 28 26 19 24 30 29 24 19 22 26 28 26 27 28 31 32 60
52 47 49 38 33 32 31 18 14 13 10 8 13 16 19 23 28 33 51 47 41 36 34 31 27 32 30 23 25 28 41 35 37 42 30 29 26 24 25 19 22 26 30 17 21 40 62 58 60 61 69 74 77 78 87 89 93 97 99 103 102 104 102 103 107 119 88 88 87 84 82 78 73 68 65 64 57 55 51 38 37 35 26 25 25 16 23 26 30 28 23 24 29 32 30 35 39 49 53 57
47 45 44 45 33 28 16 14 11 8 7 1 12 17 21 24 27 30 34 40 39 37 38 35 36 37 32 24 29 33 36 40 39 33 28 25 22 21 12 18 20 23 28 32 32 38 40 59 62 62 72 76 77 81 84 85 90 91 92 52 105 107 106 108 112 115 87 84 80 73 73 80 77 69 62 61 59 54 49 42 38 41 22 21 20 15 19 20 33 32 37 34 31 32 31 38 41 45 50 53
50 43 42 26 25 24 23 18 16 12 10 18 15 20 23 27 32 34 39 45 42 40 41 38 43 39 36 33 30 36 37 38 42 27 25 21 19 18 11 15 18 20 26 27 31 35 39 47 50 64 77 80 79 85 86 88 93 94 44 51 54 54 56 44 114 86 79 82 77 72 70 68 65 62 61 60 57 50 46 43 41 43 25 22 17 14 16 18 22 27 30 39 35 40 36 42 45 47 55 58
48 44 41 39 36 34 32 22 19 16 13 21 19 23 25 26 29 32 49 47 46 45 45 40 45 43 37 34 32 42 39 43 48 22 20 19 15 14 10 11 15 19 23 28 35 39 40 42 47 65 82 86 88 87 91 93 34 44 42 47 46 49 54 43 52 81 78 75 67 72 68 73 69 64 59 58 53 51 49 44 42 23 21 18 14 12 15 18 21 25 26 29 30 35 36 38 42 48 57 61
47 45 40 38 34 33 30 28 23 19 18 22 26 27 28 31 32 34 62 50 47 47 43 42 46 46 42 37 38 42 51 47 49 24 22 18 14 10 5 9 11 22 24 31 35 40 42 44 44 70 84 86 89 90 92 97 29 43 40 41 44 45 46 42 47 77 75 71 66 58 63 66 69 72 68 63 54 55 51 50 46 24 24 20 15 0 15 17 18 22 25 28 29 34 38 70 45 50 61 66
73 47 45 42 35 36 35 30 25 32 28 26 30 28 30 35 38 62 59 51 49 51 56 46 49 54 44 41 40 56 53 52 50 27 27 23 18 3 0 4 9 10 15 26 32 36 37 39 41 45 57 53 58 55 35 31 28 34 38 39 42 41 43 41 43 72 69 68 64 57 59 63 84 83 70 67 59 62 38 35 31 27 24 23 16 6 16 20 21 23 29 31 33 37 41 66 67 52 87 86
71 67 46 47 38 41 39 35 40 36 33 31 33 30 33 38 42 61 58 53 51 54 59 48 53 51 49 46 48 60 54 53 36 31 30 26 21 7 4 7 9 21 22 25 28 33 34 38 44 49 54 51 53 54 30 29 26 29 34 35 39 36 38 40 69 67 66 63 60 55 56 58 83 80 76 72 51 46 43 38 36 15 13 12 11 7 19 21 24 41 30 40 36 60 65 63 66 89 84 82
69 66 65 68 67 75 40 38 42 41 36 32 34 36 35 36 46 63 63 55 56 59 62 64 56 54 51 50 55 64 67 42 37 32 28 26 23 24 10 9 13 17 18 19 30 35 36 38 43 61 50 49 50 33 28 26 22 27 30 31 32 34 36 40 70 65 68 51 56 52 56 61 62 68 64 48 46 38 37 35 32 32 27 16 12 9 22 24 36 40 43 49 48 56 58 60 64 77 80 81
66 62 60 65 66 70 72 75 48 46 49 33 43 39 38 43 51 54 66 58 65 64 69 73 68 64 53 51 52 63 66 70 45 40 27 23 20 19 15 11 14 20 24 26 31 34 39 40 61 57 48 47 50 29 26 25 21 23 25 26 28 29 33 65 57 63 51 50 46 49 51 55 60 63 61 44 42 37 36 33 29 28 23 26 22 27 26 29 33 37 38 45 47 51 52 64 68 72 76 81
70 63 58 60 63 64 68 70 74 51 56 70 67 66 43 48 52 55 60 59 68 65 70 71 64 60 56 52 57 62 63 65 41 38 33 28 23 22 17 16 19 21 22 24 26 39 41 46 61 56 48 43 48 27 24 20 17 21 24 25 47 45 64 60 56 58 48 45 43 44 47 48 54 59 59 66 38 36 31 29 27 26 22 19 19 21 29 34 35 38 40 43 44 55 56 65 67 77 78 81
61 55 54 57 60 62 63 37 40 44 47 69 67 64 61 62 56 56 59 64 69 66 71 73 66 62 55 53 55 64 64 67 68 39 33 31 33 24 21 18 20 25 23 29 31 44 43 51 58 55 47 42 44 24 19 21 14 19 23 47 44 42 44 49 52 54 44 43 39 42 43 47 50 55 57 62 42 39 55 50 27 24 21 18 16 19 22 20 29 27 32 37 35 56 60 70 69 84 81 82
56 49 50 53 58 60 62 32 38 41 41 66 63 64 60 65 64 65 68 75 70 71 74 77 70 67 59 55 60 68 74 72 77 38 34 32 34 30 28 23 22 27 28 30 41 35 58 54 52 50 43 37 41 20 18 17 12 14 46 42 41 40 40 44 47 45 42 40 37 39 41 44 48 50 61 65 62 56 54 48 43 22 20 17 14 15 16 17 21 25 29 31 32 35 36 38 74 85 86 87
51 46 45 48 49 62 36 31 36 33 38 39 58 55 56 59 62 63 65 73 71 74 79 79 75 71 58 56 57 82 77 75 47 42 37 36 39 35 33 24 23 31 37 42 40 34 52 51 46 45 40 32 35 17 15 12 8 13 16 19 39 35 37 41 44 43 42 41 36 42 47 51 51 69 64 63 60 57 49 45 40 38 33 26 13 11 10 14 19 20 21 25 38 49 50 55 58 88 89 89
53 48 40 35 41 33 30 29 33 32 36 39 53 50 54 57 60 61 63 64 72 71 86 82 75 73 59 58 63 86 82 76 47 45 42 36 34 29 28 27 28 30 33 38 38 33 39 52 50 41 36 31 34 28 23 8 4 9 10 15 16 32 35 28 46 44 46 35 34 38 36 39 40 44 40 55 54 53 49 46 35 33 29 24 8 6 8 13 14 17 22 26 37 44 43 49 51 54 97 92
48 43 38 33 36 30 25 24 29 29 33 37 42 47 50 58 59 60 67 72 67 70 71 77 74 69 68 63 68 88 83 79 50 46 44 40 37 34 30 29 29 52 44 39 34 30 34 37 45 43 31 29 30 23 20 19 1 6 7 11 30 27 28 27 34 39 42 38 29 30 31 36 36 37 39 54 52 47 46 42 41 36 24 19 15 1 17 15 15 21 26 31 34 39 41 45 46 51 95 93
51 48 37 32 27 29 27 22 24 28 32 37 41 43 47 59 60 62 58 60 64 65 66 71 76 74 71 68 71 88 85 92 53 51 47 45 40 56 33 31 52 47 42 32 31 29 33 34 11 32 28 24 29 23 19 15 0 14 16 29 25 24 25 25 29 36 37 33 28 29 26 28 32 33 35 52 49 48 45 40 36 31 29 24 20 7 8 13 16 26 31 32 37 42 45 47 52 54 58 98
53 43 31 30 26 25 21 19 22 26 29 33 34 37 40 43 61 51 53 57 60 64 66 82 80 77 72 72 73 92 90 88 81 80 50 46 56 54 51 48 44 39 38 28 27 26 29 9 6 14 19 21 26 27 23 11 9 10 11 14 23 22 21 24 26 31 35 32 27 29 24 26 29 24 28 63 58 53 45 42 40 34 30 24 23 26 11 13 20 30 33 41 40 46 50 49 51 55 56 77
43 39 35 32 31 23 20 0 18 21 26 31 36 33 42 44 49 48 53 59 61 68 69 86 85 90 79 76 79 100 86 85 80 78 79 74 70 67 63 40 39 35 34 29 23 22 25 17 5 13 15 16 21 22 20 16 14 17 19 37 19 16 20 24 21 26 30 29 26 31 21 21 18 21 25 38 42 50 46 44 49 37 31 31 27 30 34 28 23 32 36 40 42 51 55 52 69 74 72 76
46 41 40 37 32 26 16 14 21 24 31 29 31 32 37 42 44 45 48 63 75 70 71 72 75 80 83 79 98 96 93 83 79 75 74 72 63 63 62 44 43 30 29 27 27 20 16 12 4 8 12 15 20 27 31 21 16 19 24 32 16 1 15 16 17 22 27 29 24 24 16 16 17 27 31 35 41 43 50 49 51 39 34 30 28 35 39 40 28 33 39 45 55 53 57 62 65 66 69 71
50 43 45 42 33 27 23 18 22 26 27 28 30 31 35 47 46 49 50 52 53 71 74 74 75 103 101 100 97 92 88 89 88 76 71 71 62 62 61 41 38 35 26 24 23 19 15 11 1 3 14 19 22 32 23 22 18 22 30 28 23 20 22 21 21 23 30 25 23 19 14 15 18 26 28 34 37 38 41 51 54 41 41 36 32 37 40 44 33 35 36 50 55 56 61 64 69 67 71 76
51 55 45 43 38 37 33 28 26 27 28 33 34 35 53 54 47 54 56 57 59 63 76 79 83 84 104 101 95 92 87 85 84 74 69 66 61 58 57 42 37 32 31 30 27 21 20 16 20 23 26 28 33 38 24 25 28 26 34 29 24 21 23 28 22 28 24 20 16 14 11 10 13 24 26 30 33 43 44 37 38 46 42 38 43 38 40 43 37 39 43 44 49 68 63 69 71 75 84 81
52 55 47 44 44 38 34 31 29 33 37 36 39 40 49 53 56 57 58 67 72 70 78 83 88 90 93 90 89 96 85 82 79 74 72 68 59 57 55 53 39 37 32 32 32 24 21 18 21 28 31 32 36 38 40 34 29 28 31 34 30 26 24 25 29 32 21 18 13 10 10 6 16 19 24 27 30 25 29 34 33 38 40 39 41 40 44 49 51 41 48 49 52 70 65 67 76 79 82 85
55 51 48 45 41 40 37 36 32 35 39 38 43 44 45 49 52 56 60 62 64 65 66 123 92 93 95 90 87 85 84 83 81 77 74 72 64 57 54 49 44 42 43 44 33 35 26 23 25 29 35 36 40 40 41 46 33 32 34 35 30 28 27 26 32 35 38 15 10 9 6 2 0 19 28 19 21 23 24 29 30 31 55 50 45 41 47 50 56 42 51 54 57 75 66 71 80 84 87 88
58 51 49 46 45 44 43 39 43 39 43 47 51 49 53 50 57 61 65 65 68 102 102 121 124 128 129 92 89 87 87 87 84 83 79 76 68 55 54 50 50 47 44 49 36 30 29 27 31 34 36 39 44 46 46 47 38 36 40 39 37 32 32 37 35 39 20 17 15 11 10 6 9 10 11 15 16 18 27 30 35 40 52 49 46 42 48 51 58 46 55 57 59 80 71 76 85 89 91 96
59 68 67 64 59 46 44 42 45 52 48 53 54 54 59 73 60 64 91 102 97 99 101 120 123 129 133 134 91 108 103 100 86 86 83 80 70 63 59 51 54 50 49 52 39 31 30 28 37 36 41 43 47 50 47 50 44 40 44 41 38 34 33 40 36 41 21 20 14 14 18 9 10 11 16 20 22 26 29 33 38 42 57 53 48 50 55 56 59 72 57 59 60 77 74 76 80 98 93 100
79 76 72 55 54 51 46 51 56 52 51 55 58 62 72 71 80 80 88 97 96 98 102 117 120 124 137 114 105 101 100 95 94 90 86 76 71 63 62 56 58 55 51 56 44 34 38 45 41 40 43 46 52 56 52 54 43 42 45 46 41 39 36 30 28 19 16 12 9 7 8 23 19 16 17 19 21 48 52 36 40 42 59 55 51 56 61 59 73 68 65 63 62 83 79 81 82 84 94 102
77 71 65 61 58 53 48 49 51 53 53 58 62 65 69 70 75 79 84 92 91 93 118 114 115 116 124 111 106 105 100 98 97 93 78 73 70 66 63 67 69 70 54 59 45 35 56 51 47 44 46 50 52 53 55 59 46 43 50 46 45 34 30 29 26 24 14 11 6 2 6 8 20 18 20 22 41 45 48 49 49 54 62 59 56 60 62 64 77 70 67 67 63 66 80 83 88 90 95 107
72 68 66 62 59 54 51 53 55 59 55 62 64 67 69 72 77 79 83 87 90 95 97 111 112 114 119 154 109 111 106 101 98 82 80 77 72 70 65 69 74 74 59 61 65 56 52 51 49 45 48 49 53 57 60 64 48 60 55 41 36 33 28 26 23 21 17 16 8 0 5 8 21 20 25 26 38 42 47 46 48 55 56 61 60 63 64 66 73 73 78 79 65 67 92 87 92 92 97 101
75 70 68 65 64 56 52 54 57 61 58 63 72 69 72 73 79 80 81 92 95 98 102 106 108 110 114 151 146 109 108 111 103 84 86 81 77 73 66 79 77 77 63 63 66 65 61 56 51 50 49 54 55 61 62 63 65 70 58 54 50 36 33 29 28 25 21 19 18 14 7 9 12 22 27 29 34 38 43 44 48 51 52 55 64 65 69 71 72 75 76 81 67 74 97 89 97 104 100 104
77 73 69 66 62 57 54 57 62 67 63 68 76 73 79 78 83 82 84 93 96 100 106 109 111 113 151 148 144 148 108 107 105 98 96 90 81 76 79 84 80 71 66 70 65 61 57 55 52 58 53 57 61 66 64 66 68 71 52 47 45 40 38 33 31 29 25 23 20 19 9 11 15 23 29 33 37 43 48 52 50 55 60 64 71 72 76 79 75 79 80 61 66 71 78 81 85 73 71 76
80 75 70 67 63 60 59 61 65 70 73 77 82 84 82 90 86 85 88 97 99 101 110 113 116 151 150 144 143 145 133 104 102 97 93 89 84 81 85 87 89 72 68 73 71 68 63 59 53 62 55 62 65 67 69 71 72 74 56 54 45 40 39 48 45 37 32 28 25 27 26 22 20 21 22 37 41 57 53 54 61 56 61 65 68 70 71 74 82 80 58 57 64 69 73 78 64 63 69 72
81 90 85 80 75 71 66 63 67 68 71 72 77 81 93 92 87 87 92 102 103 103 106 107 109 150 146 145 140 136 132 133 106 102 97 87 85 82 85 90 91 96 70 76 74 72 63 62 67 72 56 64 70 72 70 72 74 57 55 52 50 46 43 45 42 40 31 30 29 30 28 26 23 25 44 41 42 43 55 62 65 58 63 66 71 73 72 74 79 56 55 54 59 62 77 62 60 61 66 71
98 95 93 83 76 70 67 64 70 69 75 78 81 83 96 97 90 93 95 103 107 106 108 109 111 148 146 143 138 133 129 130 100 97 94 91 90 83 90 102 108 115 85 81 75 76 69 66 69 72 71 69 74 76 74 78 76 63 58 57 51 50 44 41 39 37 34 32 34 39 26 29 28 33 45 43 46 50 53 57 59 60 62 44 74 76 74 77 81 58 54 53 54 55 56 57 57 58 62 66
97 94 91 88 78 75 70 76 72 76 78 83 86 93 100 98 94 96 97 104 108 107 109 110 113 146 144 139 134 133 128 124 115 101 98 94 93 98 100 101 106 111 115 85 76 78 75 71 71 74 77 73 77 81 77 79 81 67 62 58 52 55 50 46 43 38 36 41 38 32 25 32 29 32 49 32 32 33 37 41 62 64 40 41 41 44 77 53 55 59 58 51 52 51 52 58 55 58 59 62
102 90 86 84 80 77 78 80 76 80 81 86 87 92 94 100 97 98 103 108 112 110 111 115 115 151 147 138 136 128 124 119 114 112 97 95 95 102 102 106 107 110 114 118 121 79 78 75 76 78 80 76 79 82 84 83 67 65 64 61 57 55 53 53 46 39 37 33 30 29 24 26 32 22 26 29 31 32 36 46 67 36 36 33 37 40 50 50 52 59 54 49 48 46 51 56 54 55 56 59
104 91 89 86 85 78 82 85 81 83 97 98 101 106 113 118 99 103 107 109 117 118 116 120 137 132 130 129 128 123 121 116 113 110 105 100 103 107 106 112 109 111 116 121 122 83 80 78 79 82 83 77 89 87 88 73 69 68 69 72 70 56 52 50 47 42 31 29 25 21 20 17 19 21 24 25 28 37 42 46 35 33 35 31 35 42 45 48 51 79 51 48 45 43 46 50 49 50 54 58
109 91 90 89 87 82 84 87 86 90 92 96 100 104 109 110 101 108 110 110 126 121 118 121 123 140 135 130 125 124 119 118 119 114 106 104 106 108 109 115 114 113 115 125 127 93 88 84 83 84 85 90 100 95 93 76 71 69 70 69 65 61 56 53 38 44 36 30 24 20 16 12 17 18 14 17 20 19 17 24 24 30 32 30 33 38 39 53 82 77 81 46 43 38 50 44 45 50 49 46
101 96 91 92 92 84 85 90 90 91 95 97 104 106 109 111 113 112 119 114 119 123 119 126 124 138 135 134 129 128 127 125 121 115 113 109 112 122 124 126 121 118 122 130 128 91 89 86 86 87 87 91 108 97 97 68 63 58 56 52 48 63 39 38 35 32 31 34 16 16 10 11 5 12 11 13 17 15 16 19 23 26 27 29 34 37 40 80 77 72 73 41 39 35 45 41 42 41 45 42
104 103 101 96 94 86 97 94 92 92 99 102 106 109 110 113 115 125 121 116 121 127 123 131 144 140 137 135 132 129 130 126 122 118 115 112 113 118 123 124 125 121 125 130 132 94 91 96 89 88 89 94 103 105 100 68 67 62 50 47 45 44 40 41 37 29 27 14 13 12 8 7 4 7 8 10 13 14 19 23 25 28 33 34 38 68 70 64 61 71 68 71 31 30 39 36 30 36 42 41
107 108 103 98 95 88 99 96 94 94 104 108 108 114 115 116 121 122 123 119 124 152 150 147 144 142 142 140 137 134 135 130 127 123 120 113 116 119 124 131 129 125 127 131 100 99 95 100 92 90 93 97 99 101 101 72 68 65 54 52 48 47 31 29 25 23 22 20 20 13 9 6 1 11 10 14 18 19 26 31 31 29 31 77 72 67 67 59 58 70 65 30 34 29 35 33 28 31 35 39
117 113 105 103 107 89 103 108 98 96 99 100 104 107 119 118 125 125 127 123 126 156 151 150 145 143 146 143 142 138 136 131 129 124 124 114 119 124 125 136 133 129 129 131 107 104 100 103 107 92 98 100 104 109 105 107 69 60 56 55 53 48 50 32 28 27 20 16 15 14 12 7 7 12 13 17 18 21 25 28 31 31 34 73 71 66 62 58 57 65 63 29 27 24 28 29 27 28 32 34
117 115 109 106 109 114 117 120 122 98 102 104 105 108 125 121 130 130 165 162 161 158 156 154 149 150 148 145 142 138 137 135 136 126 129 117 149 147 142 140 137 130 131 133 138 109 106 105 109 111 107 103 107 113 110 112 80 63 56 55 54 51 32 30 26 24 22 19 19 15 14 11 10 16 18 19 23 26 27 28 33 33 72 68 66 65 66 63 56 61 62 23 20 19 21 25 26 27 28 33
122 119 111 108 114 117 122 125 130 99 104 106 109 112 114 124 127 173 169 165 166 161 161 157 152 154 151 150 142 140 140 140 140 141 120 118 151 150 148 145 140 131 133 134 117 115 110 107 110 115 108 107 111 114 111 80 76 73 70 60 57 54 33 32 26 25 29 25 21 18 18 13 18 20 20 21 25 31 30 34 41 36 73 68 65 64 63 58 54 59 24 22 19 14 20 22 24 27 31 35
123 120 125 109 116 118 123 130 131 100 111 108 112 117 116 119 123 176 171 167 168 163 162 157 153 155 153 149 145 144 141 141 141 123 121 121 160 155 152 146 141 136 138 143 124 119 115 111 112 120 110 111 112 115 112 79 74 69 65 64 59 49 44 34 31 30 30 26 22 22 17 16 20 24 22 23 26 27 28 31 40 39 65 64 62 59 58 55 52 53 20 15 14 12 15 20 27 28 30 33
129 125 130 120 119 124 126 132 136 105 114 109 114 121 117 123 178 177 173 168 170 166 163 162 154 158 157 151 149 147 149 142 143 130 125 130 162 159 155 150 145 139 139 147 151 124 120 116 121 117 112 115 119 120 116 81 78 74 72 64 60 47 42 38 33 32 33 30 25 26 20 19 24 27 24 25 27 30 81 34 77 40 67 66 63 64 61 52 48 45 17 14 11 9 11 13 15 23 27 30
134 129 129 125 122 128 131 137 142 144 118 113 116 126 122 126 128 182 184 185 175 173 169 167 171 174 157 153 150 148 154 155 144 133 130 167 163 163 156 151 148 141 152 148 152 129 122 127 123 120 117 118 122 98 78 76 75 70 69 67 62 50 47 41 35 45 41 36 32 27 30 21 23 29 27 28 29 31 78 71 72 71 68 64 56 55 49 46 45 41 38 17 13 8 9 9 10 20 24 28
135 132 128 126 127 128 131 133 137 142 117 116 118 126 124 128 130 134 188 184 176 175 172 170 172 160 156 154 153 152 158 160 161 135 134 170 165 166 168 169 152 146 155 150 153 129 124 129 132 122 124 122 95 93 89 81 77 72 70 72 63 47 46 42 38 47 43 40 35 31 33 24 27 30 32 31 36 75 74 70 69 67 64 61 53 51 48 43 39 34 33 28 6 5 8 7 5 0 16 18
139 132 131 131 130 132 133 136 137 144 118 119 134 130 129 134 134 136 187 183 180 176 175 171 175 163 160 158 170 165 161 164 169 140 136 170 169 167 171 173 153 147 156 161 154 130 129 133 134 136 138 126 96 92 88 85 78 76 77 73 53 51 48 45 43 49 44 45 38 32 36 26 29 34 37 32 41 43 79 69 65 62 57 56 51 50 45 45 37 32 30 27 7 3 8 8 7 17 21 25
140 136 137 132 133 137 138 140 139 149 119 140 136 134 131 137 141 151 187 186 183 177 179 175 179 164 161 173 170 166 162 165 170 141 187 183 173 170 173 177 149 148 149 165 147 146 141 137 139 141 146 149 100 90 85 83 82 79 83 87 54 56 51 47 48 53 48 46 42 36 36 35 32 33 35 39 45 83 81 69 64 60 55 53 49 43 42 40 34 29 27 23 20 1 18 9 25 22 24 26
142 144 139 135 137 140 145 154 157 154 120 141 141 140 136 142 147 149 193 190 184 179 181 179 183 167 162 176 171 167 172 175 172 174 179 178 175 174 175 176 152 149 151 155 158 149 142 141 145 142 151 107 95 93 88 87 86 81 85 63 58 51 50 48 50 74 69 66 62 57 55 39 35 37 37 39 41 49 82 83 60 55 52 50 45 43 38 36 31 28 23 22 18 13 17 19 12 26 31 29
143 146 142 140 140 145 146 149 153 157 124 149 148 144 139 145 152 154 197 195 186 183 185 191 186 169 165 177 172 169 174 178 183 179 187 179 178 176 176 180 152 150 152 155 159 151 148 143 116 113 109 103 99 95 91 104 86 85 90 65 63 65 51 50 52 77 74 59 56 52 51 48 44 42 40 44 46 48 50 66 62 57 50 48 47 47 40 40 31 30 28 25 20 18 18 12 9 11 17 20
153 149 151 154 144 148 148 151 155 159 164 151 147 145 141 144 154 157 169 188 187 186 189 195 190 191 200 198 177 172 175 181 186 189 185 181 180 181 181 183 155 154 155 157 160 165 122 120 116 112 107 105 103 106 101 99 94 89 91 68 67 56 55 52 57 79 75 59 55 54 56 49 47 47 42 47 49 52 55 65 66 62 57 53 48 51 41 41 37 32 30 25 22 21 13 13 7 7 14 15
152 150 153 159 155 153 150 160 159 160 166 155 151 150 145 145 157 162 167 168 192 189 209 196 192 203 198 194 179 176 177 178 191 192 188 182 182 183 187 191 194 155 158 161 161 141 136 132 129 110 109 109 107 107 104 101 96 90 92 70 69 60 57 55 60 78 77 60 57 59 63 50 49 50 51 48 53 56 69 64 61 58 56 54 57 56 48 44 42 26 24 22 19 14 10 9 5 0 9 10
158 153 158 160 160 157 173 168 163 166 161 159 156 153 149 149 160 166 172 173 175 210 205 206 202 200 193 189 184 179 182 192 195 196 193 186 184 188 190 191 195 196 161 165 136 134 133 130 125 121 118 113 112 110 105 102 98 93 76 73 71 72 65 60 61 82 81 62 58 64 68 55 53 54 56 52 55 77 74 65 64 62 64 59 64 68 43 42 44 30 25 23 18 15 15 13 6 16 14 16
162 158 163 168 173 158 178 173 167 172 175 164 161 156 152 150 162 169 174 177 212 207 203 201 200 198 194 189 188 182 183 188 189 191 197 192 189 192 194 193 196 197 201 166 170 133 132 129 125 120 118 115 116 114 115 104 101 97 78 74 72 71 69 65 68 84 78 74 72 69 73 58 59 55 59 56 61 62 76 70 68 68 65 60 66 42 40 38 37 34 29 28 23 20 24 14 10 19 18 18
1 4
4873 4212 840 2850
1 14
2054 677 689 1487 924 2593 2606 2375 2362 2378 3226 2172 2184 2781
2 4
348 363 3764 3760
360 738 721 3771
21 11
3344 3342 3336 3329 3325 3321 3318 3315 3309 3313 3314
3341 3337 3334 3333 3328 3318 3315 3310 3304 3309 3311
529 526 527 521 3329 3314 3311 3307 3303 3304 3310
525 523 526 517 522 3308 3304 3303 3301 3303 3308
523 518 517 515 512 513 511 3304 3300 3298 3301
515 514 516 513 511 508 509 3296 3295 3293 3292
514 510 511 508 507 505 505 3299 3294 3290 3291
512 506 508 511 505 500 503 3289 3287 3285 3281
508 504 503 502 497 496 501 3288 3284 3281 3277
505 503 501 498 481 495 498 499 3286 3282 3263
504 500 496 495 475 491 493 497 3272 3271 3268
507 3446 498 489 488 493 494 3282 3278 3275 3271
3448 3445 498 494 491 494 497 3285 3280 2297 2295
3435 3440 3441 495 502 499 504 3288 2297 2293 2290
3434 3436 3441 508 505 501 504 507 2294 2292 2287
3430 3416 3417 508 506 503 507 2294 2289 2288 2275
3425 3411 3429 514 511 504 507 511 2293 2292 2277
3426 3426 3430 3432 511 507 511 515 2296 2295 2300
3431 3431 3432 3434 511 509 512 518 2297 2296 2304
3437 3436 3438 3439 3440 511 515 519 2300 2299 2300
3439 3439 3443 3442 3444 3446 516 520 524 2303 2305
1 42
2534 2532 2528 2527 2522 2508 406 4001 771 775 4556 4549 3600 3614 3615 3619 2395 2392 2389 2385 2377 2386 2389 4143 4132 4141 2716 2715 2713 2705 2724 337 317 334 338 4766 4762 4760 4756 4753 4749 2392
5 5
23 9 0 24 24
8 9 15 25 11
0 15 30 15 0
11 16 15 23 9
5 21 0 7 13
53 1
4305
4304
4297
2159
2163
2164
2167
2169
2174
4950
4948
4928
4941
2594
2583
2597
2600
2602
1246
1243
1259
1262
1264
1269
1271
1272
1274
1279
1284
1286
853
851
849
848
846
841
828
845
849
2181
2173
1892
1906
471
451
467
4938
4934
4932
4933
1985
2001
2005
1 1
9
8 11
3683 3774 3773 3768 3749 3759 4904 4921 4925 4926 3923
3679 3676 1076 1075 3764 4917 4901 4917 3915 3917 3918
3676 3672 1076 1073 1076 2141 4903 3909 3910 3912 3916
3660 3659 1073 1058 1072 2140 2141 3914 3913 3914 3921
80 3667 1076 1071 2147 2133 2137 3918 3915 3918 3926
60 80 4636 4617 4631 2146 1248 1244 3917 3918 1240
78 81 4620 4618 4620 1248 1247 1243 1245 1234 1238
80 86 91 4620 1247 1245 1242 1226 1228 1233 1236
4 10
3931 3931 3936 3937 3942 3944 3949 3950 3953 3957
3926 3929 3933 3936 3940 3942 3943 3946 3925 3930
3922 3913 3914 3915 3945 3943 3948 3919 3924 3928
3918 3902 3905 3908 3912 3914 3916 3917 3920 3923
5 5
23 9 0 24 24
8 9 16 25 11
0 16 30 15 0
11 16 15 23 9
5 21 0 7 13
19 2
3184 3198
3202 321
513 518
3302 4139
3282 4135
4120 4117
267 4131
1292 1294
1273 1281
1286 1283
1292 1288
1294 1293
1632 1628
1627 1624
1621 1623
1616 1621
1631 1632
1633 1635
1637 1638
2 49
4386 4366 4379 4380 4383 4385 4388 4398 4400 2322 2318 2310 2310 2304 1863 1860 1863 1867 918 1907 1903 1899 1891 4377 2013 1994 1998 4393 4392 4401 4402 3208 3205 3199 3219 2808 1428 3291 3300 3647 3631 1521 1537 4605 4598 4332 4323 4336 4339
1319 1302 1315 1320 1323 4387 4392 4397 4398 2318 2314 2309 2306 2290 2300 1851 1861 915 903 919 1908 1901 1893 4394 3337 3336 3347 4398 4405 1842 1852 1857 3206 3206 2800 2791 1424 2121 2138 1550 1549 1514 1532 3904 3895 3913 4343 4338 4343
13 2
2171 1639
3951 1649
3932 456
3142 455
3131 3136
3132 2319
2310 2308
1724 2316
1721 1707
1764 1711
1759 2280
1746 2279
1750 2280
2 1
411
1957
1 13
5015 5010 5007 5003 4999 4996 4995 4993 4990 4985 4980 4975 4964
3 3
9 6 3
5 9 6
3 5 9
29 3
1325 1329 1335
1311 1330 1331
4102 4113 1334
1611 1622 3672
1628 3663 3668
3112 3648 3667
3099 3114 326
3101 337 319
2405 2409 321
514 3753 3755
3765 3751 3761
3770 3754 3756
1837 1526 1528
1836 1525 1527
1835 1844 1849
1843 1849 377
4026 4036 372
4024 4019 4038
4027 4036 3790
784 3774 3788
773 785 3789
779 782 785
4005 4007 4021
4010 4012 4017
4015 1725 4902
1725 1710 4887
1047 1027 4891
1048 1045 4803
1052 4814 4813
1 13
4576 4584 2706 1578 4062 3404 3393 2951 3540 3549 732 1036 458
7 9
4595 4584 4589 1672 1667 274 277 495 4970
1984 1964 1974 1675 1668 293 4935 4934 4972
95 1974 4431 1678 3678 3676 2376 2364 2367
87 3360 4429 4430 3674 3661 1730 1714 1723
3874 4422 4415 4420 4424 3663 2194 2192 2202
3865 3920 4423 4423 4425 3664 2196 2206 2204
3904 3902 3915 4428 4431 3666 2198 2203 2207
5 5
23 9 0 24 24
8 9 16 25 11
0 15 30 15 0
11 16 15 23 9
5 21 0 7 13
32 11
2501 2511 2512 2515 2518 2528 2532 2533 4297 4298 4298
4504 4510 4511 2516 2521 2523 2528 2530 4296 4293 4296
4510 4514 4518 2517 4279 4276 4285 4286 4284 4289 4293
1571 4518 4279 4278 4277 4273 4280 4283 4283 4284 4288
1569 1567 1562 1556 4276 4271 4277 4282 4279 4280 4284
2333 1559 1557 1554 4271 4266 4275 4276 4277 4282 671
2330 1546 1545 1538 1551 4263 4256 4275 661 664 667
2324 2335 1561 1558 4476 4471 4270 657 656 662 666
2341 1568 1564 3631 3972 3967 3986 1324 657 664 667
4759 4769 3626 3624 3639 3978 3981 1322 1318 1323 1326
4768 4769 3628 3628 3965 3960 3961 1318 1300 1319 1331
4769 4773 3966 3958 3955 3941 3956 3959 1319 1323 1324
4771 3962 3961 3949 3946 3943 3961 1327 1323 1326 1328
4772 3959 3958 3955 3951 3944 3966 1330 1324 1340 1342
3962 3959 3957 3955 3954 3956 3971 1331 1333 1338 1339
3971 3969 3966 3962 3959 3964 3968 1333 417 413 420
3972 4208 4203 4199 3964 3967 4202 417 414 410 401
3976 4187 4186 4185 4194 4196 4199 3693 3682 3679 3662
3981 4203 4201 4198 4197 4201 3692 3690 3687 3684 3673
1356 1355 257 253 252 248 242 235 3688 3685 3461
1355 1352 1351 253 251 246 241 234 238 3461 3460
1353 1348 1346 1349 239 238 237 218 238 3459 3455
1362 1348 1345 1348 1351 242 240 235 239 3454 3454
1358 1358 1344 1363 1364 246 242 240 3452 3451 3445
1355 1350 1348 342 1368 249 244 244 3454 3455 3458
1487 1480 335 341 342 797 795 795 791 795 799
1482 1468 321 336 340 794 793 791 788 793 798
1139 1471 334 341 346 273 271 783 783 795 803
1446 1455 1459 1462 1465 271 266 780 779 777 793
1440 1453 1454 1457 1458 265 261 266 780 789 797
1444 1455 1458 1462 261 258 256 268 272 274 276
1448 1449 1463 263 262 259 275 272 274 278 280
2 9
328 323 314 981 822 581 575 581 582
324 321 302 2505 814 828 1113 1125 1129
5 7
4009 4328 4341 4841 4840 4109 4099
4017 4346 1295 4852 4838 4848 4118
4019 4351 1309 3167 3164 3004 3005
3943 3939 3935 3164 3160 2999 3000
3941 3937 3928 3933 3161 2243 2251
2 6
816 1329 1340 3475 619 624
4147 643 4100 3482 634 625
9 4
3147 3158 3791 3788
3149 3153 1833 2580
3150 1821 1818 299
2046 1843 1838 304
2045 2492 864 868
2034 2477 857 3778
2042 2479 3782 3768
2047 1946 1942 4612
1027 1019 1958 4623
2 26
1783 1763 1778 487 482 562 563 2202 2198 2187 2192 4406 4401 4384 4393 3740 3525 3507 3511 2310 2322 1925 1922 1921 810 816
1780 1761 1777 484 477 483 485 490 2202 2204 2207 4408 3391 3377 3384 3738 3746 3508 721 2328 2333 474 472 469 449 465
2 1
3790
4180
15 8
3893 3887 4069 4043 4041 330 341 353
3888 3886 4067 4064 4059 345 346 350
3886 3883 3879 4065 4063 2007 347 352
4289 4281 3876 3874 3872 1997 2009 353
4284 4280 3890 3874 3856 3871 2014 2016
4289 4274 3870 3872 3874 3876 2019 2024
743 732 750 3877 3875 3880 3881 2027
744 734 754 2227 2230 2225 2217 2219
2753 2754 2759 2226 2219 2205 2216 2217
2748 2751 2755 2223 2218 2217 2221 2222
2744 2748 2751 2598 2220 2222 2791 2787
2735 2750 2599 2595 2594 2596 2787 2786
2755 2603 2600 2606 2587 2592 2798 2782
2613 2605 2603 2611 2605 2803 2802 2784
2611 2610 2608 2612 2808 2805 2805 2788
14 1
3584
3579
3574
3570
3567
3573
3577
3578
3583
3586
3591
3593
3597
3598
2 31
156 154 149 335 4579 4578 4796 3594 3589 3580 4620 4616 836 848 4189 4710 4709 4713 4716 4721 4994 4990 4985 4970 4472 4413 4411 211 214 851 1658
158 145 132 323 336 4558 4793 4812 4065 4063 4474 4620 839 4193 4178 4196 4701 4718 4720 4722 4996 4992 4987 4971 4485 215 214 206 207 837 1642
2 70
4603 4937 4945 3603 3599 3603 4524 4522 4530 1540 1523 1535 2865 2862 2857 2562 1410 1420 1422 1424 1569 1567 1565 1564 1562 1560 3357 3353 1488 1473 1478 1483 1482 1485 1488 3609 3604 3599 3595 3593 3585 1675 1663 1677 4600 4585 4594 871 872 866 870 4888 4887 4873 4148 4151 4172 2102 2099 2096 2095 2092 2077 808 823 1593 1588 1581 1589 1593
4618 4956 3602 3601 3588 3595 4539 4519 4529 4650 4639 4648 4649 2863 2877 2577 1428 1431 1432 1435 1575 1571 1567 1553 1550 1547 1560 3350 1483 1469 1475 1479 1480 1483 1487 3613 3606 3596 3592 3589 3582 1060 1678 1679 4582 4567 4583 866 862 864 868 4705 4701 4686 4144 4163 4167 4171 2106 2104 2099 2096 2095 817 820 1592 1587 1585 1592 1597
2 73
4691 4690 4686 1642 1638 1652 1656 1660 1890 1878 1877 1875 1870 1869 1866 1881 1884 1889 1893 3381 3376 3372 3368 3365 3361 3356 3345 3361 3362 3363 2982 2979 2977 2975 2973 2969 2963 2964 2968 2970 2978 2969 2974 4318 4315 4316 2427 2426 2423 2420 2419 2412 2422 4639 4272 4285 4286 4295 4302 4304 4310 4314 4318 4047 4048 4028 4024 4033 4035 4038 4039 4041 4045
4687 4686 4683 4682 1658 1655 1657 1888 1887 1885 1882 1876 1871 4228 4223 4233 1885 1889 1891 1894 3380 3375 3373 3368 3362 3359 3348 3351 3352 3366 2985 2980 2979 2977 2975 2973 2979 2966 2971 2970 2963 2968 4325 4311 4312 4313 2429 2424 2420 2417 2416 2414 2427 4642 4284 4286 4290 4292 4297 4301 4305 4310 4050 4046 4045 4042 4040 4042 4036 4040 4041 4046 4051
15 3
2327 2324 2320
583 578 2337
582 570 579
2798 585 581
2794 2798 2801
287 289 2806
289 291 292
290 292 3941
3945 3937 3939
3941 3923 3927
4505 3940 1282
4504 756 772
4485 222 227
106 227 232
97 109 235
