100
25
0.03307738004
0.62869486023
0.59813070814
0.12284815091
0.96928760003
0.61345925936
0.45583804348
0.09893997266
0.08782608395
0.63049321551
0.07806424136
0.13166045841
0.89830642038
0.76719152624
0.46944423636
0.43011467081
0.38908507168
0.09620315119
0.57693505823
0.72299195056
0.91807048397
0.73763804817
0.90474587919
0.97658408134
0.30450530115
25
0.2204
0.6956
0.6
0.295755772
0.7076
0.01148244
0.4703
0.69847515
0.163
0.22864
0.5765452069
0.68
0.95256212
0.13
0.0168377
0.147023
0.195048
0.02
0.4
0.7944
0.7
0.3
0.52368364
0.476341
0.60679
25
0.67963525014
0.44564392744
0.61946304106
0.00802008312
0.98801278578
0.19607946327
0.06128004487
0.08501682918
0.63960070035
0.60152089348
0.20065999077
0.42015043409
0.69595568797
0.61533748646
0.85447460422
0.08794613209
0.21135199147
0.84934462624
0.54578434888
0.92558473588
0.77360192353
0.48934643789
0.67346013264
0.30247815638
0.31667197987
25
0.96062998
0.86206
0.40234
0.661144198
0.4349611
0.27909
0.841
0.16994424
0.965
0.32000884019
0.1840091
0.23302
0.47
0.7007189
0.04811827308
0.29861156
0.1683907122
0.797950339
0.63
0.4068
0.8
0.365927
0.17458
0.138505
0.799
25
0.9137448757
0.74119422218
0.5621
0.29908500793
0.90133
0.97256515776
0.11014764116
0.08365995925
0.47866126951
0.25
0.90119553818
0.3915905433
0.3
0.28663121708
0.3602093177
0.90842416518
0.70091499207
0.9
0.7818930042
0.30738873235
0.29641338546
0.1
0.7
0.30863026711
0.85271597
25
0.11938090698
0.1220850448
0.585975
0.07832231521
0.9907512245
0.165016395
0.78015255
0.6
0.128
0.8
0.6567812
0.66
0.0997424337
0.5
0.289364
0.848
0.598909
0.2912
0.5767
0.8344
0.25851292877
0.01
0.4344607941
0.14781344
0.54399673196
25
0.601
0.5713882082
0.205966647
0.829
0.7224979
0.91162
0.9597
0.7300793476
0.610956416
0.710601
0.58
0.3708593638
0.094302
0.2647441
0.92539957639
0.634
0.169539546
0.065726254
0.9010199
0.577
0.48243139734
0.871
0.00212374244
0.591778
0.987715
100
0.1
0.25099073419
0.72114779659
0.01224399886
0.7
0.25880577782
0.83484046338
0.29641338546
0.32467586729
0.47431053069
0.33761173947
0.01074868657
0.67896776894
0.74454611023
0.81148061398
0.11075984362
0.075
0.025
0.78861705627
0.97435896866
0.23151777325
0.675
0.225
0.30544668025
0.7681793936
0.02472566376
0.08365995925
0.22323877732
0.325
0.67074799962
0.71800829756
0.90119553818
0.3
0.00288446369
0.20263056247
0.74383925775
0.25545388977
0.78498563776
0.02592245969
0.71968711241
0.69455331975
0.82983459847
0.775
0.92307690598
0.31751580791
0.11549887628
0.99175811208
0.74900926581
0.91484870341
0.97527433624
0.33058603736
0.51368334809
0.85898729534
0.25
0.70358661454
0.39874789288
0.88924015638
0.84721432904
0.9
0.09880446182
0.75033024473
0.49580163526
0.00824188792
0.98775600114
0.75
0.42967796127
0.96326800342
0.22358266654
0.03494715388
0.59936522618
0.83500845098
0.97407754031
0.76395693092
0.05031070485
0.91634004075
0.67950829047
0.975
0.13190768437
0.88253936404
0.08610034508
0.56104773744
0.24794641925
0.89048481559
0.2318206064
0.02838376553
0.925
0.75205358075
0.99711553631
0.77641733346
0.02564103134
0.02434127053
0.12875104671
0.76636166931
0.56135780336
0.24966975527
0.23143150414
0.76848222675
0.03673199658
0.97302543816
0.49736455996
25
0.01224399886
0.925
0.07692309402
0.225
0.75
0.70091499207
0.3
0.97435896866
0.325
0.03673199658
0.09880446182
0.02592245969
0.29908500793
0.675
0.775
0.33058603736
0.075
0.25099073419
0.74900926581
0.75205358075
0.975
0.025
0.1
0.25
0.7
100
0.3
0.23331470474
0.49705637557
0.69180021866
0.01224399886
0.23363833069
0.7681793936
0.33058603736
0.9864401239
0.354260309
0.64952111116
0.025
0.29908500793
0.047534
0.26028694178
0.75
0.28137513921
0.925
0.75033024473
0.02592245969
0.69819
0.23970823884
0.76679255082
0.24966975527
0.00824188792
0.39
0.69547325103
0.1634194378
0.89835039245
0.02564103134
0.77777777778
0.97
0.32195252069
0.77641733346
0.80747888558
0.7739153
0.74900926581
0.90123456791
0.30321
0.76821494327
0.29761786038
0.96
0.23756177839
0.82280294669
0.97407754031
0.17877267331
0.33028106814
0.17833415353
0.29
0.86104711974
0.435
0.3703703704
0.67520699196
0.92470659961
0.09269596692
0.11111111112
0.95069840393
0.66981722023
0.77650822696
0.91495198903
0.335264208
0.45835316693
0.71276101173
0.8944369
0.99711553631
0.84507
0.74077895504
0.52649800136
0.74119422218
0.3951
0.70091499207
0.75205358075
0.07692309402
0.75171613371
0.23057122052
0.2318206064
0.76638478543
0.29749
0.02472566376
0.91695069768
0.70358661454
0.44336513712
0.25501351998
0.102
0.90760906015
0.25011431185
0.00288446369
0.69455331975
0.08515129659
0.1
0.863691783
0.42636188
0.6678966
0.33078827926
0.29207215263
0.9128922897
0.32235939644
0.74383925775
0.133
0.76306378779
64
0.78912037853
0.70370370371
0.11015020169
0.25
0.40136839405
0.31587916942
0.25102880659
0.29641338546
0.76636166931
0.00288446369
0.24721857215
0.82494883619
0.08365995925
0.08309053782
0.23079142889
0.25921409903
0.17992438739
0.7311386236
0.23441986035
0.99623622901
0.96702878391
0.225
0.74383925775
0.457406
0.1
0.6
0.58075001353
0.02564103134
0.17364154267
0.20358318191
0.01224399886
0.32194786796
0.23445439666
0.98775600114
0.605750185
0.45015
0.75307122181
0.24814468371
0.81328638891
0.1892645986
0.31
0.75
0.58985460822
0.77777777778
0.25545388977
0.88934111846
0.43045332542
0.476
0.09880446182
0.24794641925
0.340230826
0.2570747104
0.70091499207
0.25616074225
0.775
0.22264504189
0.4
0.8
0.0767
0.5
0.1461
0.77641733346
0.00824188792
0.99175811208
25
0.08515129659
0.27
0.66
0.25
0.975
0.9
0.76636166931
0.35389
0.70966
0.22530443144
0.97435896866
0.75205358075
0.1
0.99986075538
0.11015139419
0.67062954627
0.626207
0.96882316743
0.225
0.83
0.97407754031
0.137174212
0.12782538547
0.70091499207
0.96328287119
25
0.17554413687
0.64864984444
0.52014959893
0.08199076843
0.76309275079
0.46820433054
0.22105576441
0.66697265657
0.57256959356
0.79911540277
0.62087919351
0.07268421456
0.76088881823
0.64264675211
0.29306124539
0.01221401815
0.45926785995
0.41536787889
0.29373963019
0.01328043883
0.67219440611
0.35556903459
0.77597495802
0.75662303236
0.42857294443
25
0.32450168095
0.13790497282
0.17982696043
0.37002817991
0.70321383088
0.60600287203
0.83766978487
0.91910902657
0.16704447909
0.72604656241
0.04795690146
0.95076898686
0.05838783661
0.14493197632
0.20742959612
0.33855954115
0.34283335287
0.34745664561
0.76035191603
0.02675306806
0.70345959984
0.25221028551
0.73255997868
0.50134379415
0.57499922634
3
0.3283702389
0.10613259697
0.00449602349
100
0.2216
0.3600964171
0.3237480737
0.8547883
0.703
0.99177
0.67520342
0.2496584764
0.5267
0.29934651
0.2972278
0.325102881
0.9916567
0.283625088
0.23456791
0.3082355333
0.8532
0.67796236769
0.88904130468
0.325103
0.76864
0.97531
0.67037545091
0.66804
0.9
0.3388712
0.47
0.9890261
0.111112
0.835
0.9008845761
0.74486
0.75035
0.679013
0.901234568
0.74532
0.699
0.6
0.7695474
0.3704
0.32129801
0.04
0.9881116
0.8
0.1074532
0.1422
0.30864198
0.2
0.925925926
0.1
0.695474
0.70248438
0.98810027831
0.8895
0.7417993581
0.97163805592
0.644
0.7544581619
0.53
0.2498053
0.6759641
0.4047
0.733
0.32232163
0.1129387611
0.0061
0.330589851
0.7777778
0.2342580519
0.67901235
0.30484292253
0.573
0.76649901
0.887
0.30493883611
0.1028807
0.824118
0.99056
0.8283
0.3
0.8462
0.49
0.545
0.402
0.1018138125
0.6779849039
0.991667937
0.287013
0.8920897
0.92227
0.8919
0.77778
0.7037038
0.66793679826
0.9381
0.28583
0.77672780234
0.008
0.7777777778
0.923
25
0.3148
0.1432971684
0.53
0.4510218297
0.5791776731
0.5780748135
0.21913587
0.739337
0.23009583
0.36930302
0.5189916
0.0558346265
0.51
0.21701224943
0.94888696122
0.3936
0.257
0.3859
0.423849
0.584
0.34262505
0.9514335
0.56794743763
0.1900679
0.95025
25
0.225
0.97161623447
0.3703703704
0.075
0.96391695054
0.24966975527
0.865
0.78
0.0136324
0.90111790397
0.75
0.77681393614
0.98775600114
0.99695168421
0.25616074225
0.86355601075
0.67
0.28
0.025
0.96418774618
0.13645941173
0.76
0.7
0.75205358075
0.66941396264
100
0.32481
0.9
0.917695474
0.90123457
0.3251029
0.4968
0.01
0.34259683
0.101967
0.675
0.3302837631
0.31
0.137
0.850487
0.5484
0.75309
0.2
0.59
0.32135
0.111112
0.2749
0.99696
0.032
0.37
0.334
0.4
0.37049727
0.0896
0.162
0.9259261
0.28689921
0.7767504
0.015
0.4974
0.96570665104
0.3219078
0.9886893
0.85065
0.3240528846
0.92
0.8
0.774893796
0.1204085
0.77687
0.777778
0.09
0.75308642
0.5
0.7
0.6777930194
0.84
0.574
0.3712
0.361113
0.69547326
0.111111112
0.3086421
0.135
0.990817421
0.1111112
0.3
0.6
0.0616
0.11112
0.93
0.226033
0.2588059844
0.338756142
0.8980846416
0.864198
0.288066
0.9176955
0.92490983
0.25651577504
0.333029
0.70239
0.23090993
0.6133
0.24977561009
0.7773262
0.26
0.99177
0.77381496724
0.39
0.9227595317
0.651
0.788
0.76863284
0.988924453
0.1475
0.76671
0.1
0.922122
0.26063101
0.741
0.078
0.845
0.28807
0.94
0.776558452
25
0.9
0.7
0.69455331975
0.3
0.97435896866
0.07692309402
0.675
0.24966975527
0.33058603736
0.30544668025
0.70358661454
0.74900926581
0.91634004075
0.7681793936
0.03673199658
0.75
0.075
0.975
0.90119553818
0.02838376553
0.97407754031
0.67074799962
0.225
0.02472566376
0.1
100
0.1070111008
0.737
0.2182
0.6
0.872
0.123457
0.74992013222
0.6918153
0.1111112
0.8556
0.29766803841
0.703654781
0.22237464
0.67809786
0.7777777778
0.145
0.8646
0.223244
0.81
0.678708
0.999648754
0.101
0.73
0.77
0.7777778
0.23457
0.78189301
0.8
0.234568
0.32232011
0.111
0.323771
0.248139
0.77458129738
0.23091
0.965813703
0.081
0.10243992801
0.91644053705
0.2987
0.25925926
0.69547325103
0.5524
0.78
0.898479794
0.4445
0.33202
0.9885844964
0.9101
0.11112
0.47
0.3320124
0.67078191
0.3332205
0.1
0.854659523
0.2592592593
0.695474
0.9722603262
0.226287111
0.9670782
0.5
0.33954712
0.2994482
0.25895442768
0.3704
0.56
0.889042
0.907
0.25758223
0.147
0.4
0.77406920263
0.7
0.23150322595
0.222235394
0.25001271
0.30005651302
0.750342936
0.988584079
0.15
0.2
0.774917568
0.8972717574
0.89
0.753086421
0.3
0.23
0.8902606311
0.458
0.999984947
0.01
0.3388711071
0.57
0.69151045
0.78191
0.8297
0.85506
0.677641231
0.2592593
61
0.050877222
0.98353730996
0.19523630548
0.735521331
0.325
0.92592592593
0.95733095911
0.23151777325
0.25616074225
0.90119553818
0.975
0.25
0.09880446182
0.02838376553
0.19
0.1138039536
0.33196289472
0.24322005
0.70728287397
0.66982223803
0.66697530988
0.838286847
0.34133
0.22358266654
0.9922267947
0.00445664902
0.4545721019
0.225
0.99175811208
0.50414664
0.65
0.29908500793
0.70091499207
0.40430370631
0.77777777778
0.6315787
0.96326800342
0.33058603736
0.70096021948
0.4984
0.05460288686
0.75140228112
0.21321824295
0.74109261424
0.66981791141
0.7681793936
0.29641338546
0.0961924532
0.01224399886
0.45051
0.95761885806
0.88995438246
0.76954732511
0.31534
0.92307690598
0.75308641976
0.50105
0.504101519
0.10274099624
0.075
0.02536290652
61
0.92307690598
0.99711553631
0.03673199658
0.32510288066
0.24859471619
0.16527473643
0.0530735173
0.89805076566
0.25616074225
0.296641887
0.68774393317
0.97161623447
0.97407754031
0.79412848
0.025
0.08737285253
0.1
0.15096164302
0.25071853905
0.067318
0.828339534
0.62109
0.90123456791
0.7439584075
0.383305
0.66981805653
0.958714138
0.37770094401
0.075
0.07692309402
0.925
0.91907108685
0.8832420673
0.25545388977
0.26883754529
0.54802833666
0.09880446182
0.25011431185
0.91484870341
0.01012499262
0.33058603736
0.66712391404
0.70370370371
0.005430908
0.75
0.937
0.23363833069
0.9986
0.11111111112
0.90119553818
0.05
0.23333226706
0.91667792769
0.8
0.76820569853
0.29641338546
0.3272959
0.81024
0.08365995925
0.97530864198
0.3246223591
25
0.43703935201
0.00711398381
0.95212437209
0.56553674879
0.74617276551
0.44026851014
0.70961505643
0.66670423534
0.02785913732
0.79591459586
0.99062678688
0.10759132849
0.64197687178
0.29638081127
0.36317557195
0.48990881912
0.46551039125
0.85375050787
0.98522406071
0.05318995813
0.53322958893
0.69838109766
0.50323450334
0.38842679709
0.35904905357
100
0.99783421
0.258941884
0.32479429
0.231824418
0.832191773
0.248437739
0.9327
0.3999
0.814
0.2512
0.29761786038
0.22354880411
0.1235
0.3223594
0.77777777778
0.11097547038
0.9190271
0.1
0.6668140647
0.33016788898
0.3704
0.8476
0.34
0.74119798812
0.9917696
0.91464716
0.703704
0.12211
0.408
0.774887523
0.308338
0.9880613904
0.7444483
0.769547326
0.2579214571
0.002
0.2572441
0.168
0.3113
0.22591972
0.832211
0.7
0.6698297648
0.7685
0.10288066
0.305786
0.2973632069
0.69426
0.86
0.3218
0.781894
0.76639739878
0.6677336
0.99996112
0.8512
0.91400237
0.777778
0.2994965633
0.64
0.91771
0.248149842
0.891783535
0.77778
0.70370371
0.967065227
0.2505885
0.1945
0.2286
0.856
0.3431
0.6117
0.8536702
0.743636641
0.7777778
0.77777778
0.3322709
0.1101
0.11111112
0.32511
0.7999
0.10740277
0.8602
0.42
0.5
0.092
0.12345681
0.259261
0.5453
0.308642
0.30864198
0.2
0.30772748057
0.97516174
0.260632
0.6962
0.32234435
0.8
0.99988334
0.70371
0.22542295382
100
0.1
0.08365995925
0.74454611023
0.34752830657
0.98775600114
0.21750483848
0.225
0.88924015638
0.92307690598
0.23151777325
0.01915370203
0.74473250402
0.86435078613
0.29641338546
0.28708745608
0.25099073419
0.66941396264
0.075
0.2318206064
0.97435896866
0.32925200038
0.84336038245
0.94906315427
0.97407754031
0.29995570785
0.09428379557
0.90119553818
0.00288446369
0.96326800342
0.76285243696
0.46458507339
0.83232700406
0.77641733346
0.69455331975
0.3
0.53297606359
0.45566545242
0.21135605854
0.06468179565
0.22358266654
0.24966975527
0.925
0.9
0.70929843562
0.01883252357
0.07692309402
0.72968104725
0.70091499207
0.91484870341
0.325
0.02472566376
0.51375150708
0.91634004075
0.25545388977
0.25616074225
0.51608219759
0.76636166931
0.00824188792
0.67764432664
0.75
0.37497027805
0.67074799962
0.22264915579
0.60468670281
0.99711553631
0.24794641925
0.74900926581
0.53626958708
0.83565701275
0.77289988179
0.29858504437
0.025
0.97527433624
0.29908500793
0.87171228722
0.75205358075
0.08223548743
0.25880577782
0.99961497583
0.775
0.33058603736
0.03673199658
0.75033024473
0.01224399886
0.58459901621
0.30333728948
0.56302254414
0.56292843895
0.08515129659
0.02592245969
0.23363833069
0.25
0.09880446182
0.7
0.02564103134
0.40516512099
0.98042801576
0.94554127031
0.975
0.675
25
0.33989
0.1235
0.1
0.51
0.495
0.32511
0.97
0.69
0.223493
0.7764179531
0.102541539
0.70366852574
0.77263516
0.925011432
0.275759629
0.318
0.288066
0.30458
0.88
0.749021999
0.24725372253
0.69272977
0.0524
0.711
0.260513868
100
0.68441654318
0.04664611399
0.24966975527
0.975
0.25545388977
0.36892051941
0.00900820395
0.925
0.325
0.075
0.025
0.52969116793
0.25099073419
0.79953785152
0.77150362032
0.29641338546
0.00288446369
0.11391983967
0.37538147525
0.33058603736
0.30544668025
0.32879375246
0.76848222675
0.92307690598
0.9
0.75801031588
0.25
0.67074799962
0.53786507904
0.97527433624
0.24655177975
0.74119422218
0.73209265264
0.96326800342
0.49310120292
0.35803966088
0.02564103134
0.02472566376
0.02592245969
0.75
0.97161623447
0.76636166931
0.675
0.02838376553
0.25831794865
0.1
0.09880446182
0.3
0.775
0.91484870341
0.33388409967
0.23151777325
0.56280212611
0.78952745258
0.34149399892
0.00824188792
0.07265929697
0.58322486385
0.97985399535
0.74900926581
0.74454611023
0.08515129659
0.85009202503
0.225
0.7
0.29908500793
0.70358661454
0.56499408273
0.54077867186
0.90119553818
0.67942907502
0.66209374406
0.22358266654
0.24794641925
0.55872472158
0.75033024473
0.10609460676
0.99711553631
0.23634391169
0.91740655167
0.65765606029
0.97435896866
0.76432348612
0.94709921995
0.01224399886
0.32925200038
0.94888274394
0.69455331975
0.98775600114
0.35778809431
0.19953965384
0.74383925775
0.2318206064
0.75205358075
0.99175811208
0.25880577782
0.88680245366
0.70091499207
0.11075984362
0.88924015638
58
0.10792339638
0.1234567902
0.20944858056
0.58995080957
0.89269405706
0.88924015638
0.77777777778
0.22358266654
0.225
0.10836762689
0.8
0.17067599187
0.5049915
0.675
0.75246260995
0.76848222675
0.12
0.01224399886
0.0214733
0.3777295
0.123626142
0.14807658801
0.32925200038
0.29641338546
0.23363833069
0.9
0.77641733346
0.30557693351
0.68258455464
0.95812687567
0.3
0.3703703704
0.25616074225
0.70370370371
0.662
0.69506680893
0.08515129659
0.25102755214
0.984
0.56
0.36617697502
0.35474212721
0.44234569595
0.84637576564
0.32464983631
0.5
0.99623236242
0.84404
0.90119553818
0.97435896866
0.97433053539
0.65038001
0.22345341937
0.74383925775
0.76649900931
0.025
0.03673199658
0.673169
100
0.25545388977
0.66676876504
0.88990938474
0.2318206064
0.079
0.59
0.97407754031
0.30544561135
0.25099073419
0.2850049834
0.65224612829
0.08365995925
0.10680944418
0.025
0.91634004075
0.1932435
0.89289733203
0.369730833
0.325
0.7
0.67074744465
0.96704264653
0.1128254933
0.05925520641
0.514
0.23182441701
0.5892331
0.988
0.10584044
0.74119422218
0.801119327
0.99084334438
0.31636027145
0.99986790603
0.70082473878
0.3
0.76238770096
0.347786352
0.90119553818
0.29908500793
0.00824188792
0.01587544413
0.54460681372
0.88924015638
0.5278
0.02592245969
0.10888021926
0.184
0.74454611023
0.74898812851
0.48855061
0.69547325103
0.245816
0.883833291
0.99725651578
0.632
0.12289950079
0.2066297
0.33058603736
0.11521988817
0.99172128622
0.02838376553
0.75905195
0.77641733346
0.36338994996
0.53301896711
0.925
0.11467204171
0.72742710465
0.87700137
0.22358266654
0.30544668025
0.54610722995
0.7499406911
0.76649393988
0.73804457122
0.75205358075
0.70370370371
0.9491156033
0.74900926581
0.24794641925
0.08515129659
0.8356322891
0.70358661454
0.775
0.90123456791
0.26779130631
0.10247001762
0.0403732099
0.46826
0.75308641976
0.65357029136
0.06683194
0.7893
0.03673199658
0.96706141486
0.90674683678
0.66697714156
0.37114806043
0.92307690598
100
0.81495375276
0.91678097851
0.325
0.88924015638
0.09357477807
0.11075984362
0.851684679
0.82583338399
0.55161561537
0.76544889447
0.91471523073
0.33321648356
0.8525
0.4577
0.3
0.00824188792
0.30452801914
0.1234567902
0.98775600114
0.92307690598
0.3703703704
0.76848222675
0.13939605416
0.6319
0.33432414674
0.96326800342
0.675
0.70329222641
0.08515129659
0.2744629493
0.74820982258
0.049524
0.30091907188
0.30833714373
0.85
0.44574727295
0.23363833069
0.11935929124
0.02838376553
0.89295895501
0.5
0.89290250471
0.96465506586
0.35965437816
0.76444228647
0.67504911699
0.7802554
0.97407754031
0.012991911
0.69231912771
0.56354769569
0.36035938402
0.69271847675
0.7866911
0.08365995925
0.8235533202
0.75207031449
0.53432524855
0.74119422218
0.29908500793
0.30494993784
0.975
0.67074799962
0.33884724741
0.2596148962
0.25925925926
0.25651577504
0.03673199658
0.03677257973
0.63324818982
0.49211997865
0.5749370787
0.45279
0.36900186871
0.865317315
0.02564103134
0.6294
0.4
0.52029438226
0.91634004075
0.74383925775
0.90611652563
0.91484870341
0.974
0.3576836898
0.84380762
0.25
0.32925200038
0.1
0.74209742256
0.99175811208
0.77686328304
0.01224399886
0.97256515776
0.24794641925
0.123561305
0.65141333909
0.29641338546
0.67769140883
0.415329
100
0.30657589587
0.94351593324
0.69455331975
0.36891988484
0.01224399886
0.1
0.975
0.30841849219
0.48949953592
0.53908701998
0.00288446369
0.075
0.09880446182
0.42319918741
0.88924015638
0.2318206064
0.51839936882
0.57329516754
0.325
0.24756982071
0.97836747069
0.22358266654
0.25099073419
0.925
0.74119422218
0.72553307436
0.025
0.9
0.74273120081
0.88414044699
0.77641733346
0.12387967421
0.97435896866
0.70091499207
0.71485334178
0.74454611023
0.01881295356
0.02472566376
0.25880577782
0.74900926581
0.3
0.41786008972
0.225
0.24794641925
0.97527433624
0.76636166931
0.75033024473
0.33257716148
0.19502038735
0.775
0.23151777325
0.00824188792
0.85737099701
0.70752741526
0.02592245969
0.13397532637
0.97870459779
0.25
0.74621353334
0.27419413906
0.67074799962
0.99711553631
0.29641338546
0.75205358075
0.93822984527
0.43942680097
0.77630530416
0.32925200038
0.65197147623
0.30544668025
0.675
0.30284510943
0.98775600114
0.75695966184
0.13644076455
0.70358661454
0.91484870341
0.24966975527
0.25545388977
0.75
0.90119553818
0.08365995925
0.92307690598
0.08515129659
0.97161623447
0.96326800342
0.26289011109
0.69019373621
0.57803661198
0.29839827355
0.66941396264
0.25616074225
0.49525844187
0.7681793936
0.57698995554
0.07692309402
0.85771735074
0.02564103134
0.7
0.11075984362
25
0.11112
0.91668
0.99593557893
0.89300411523
0.943
0.9
0.900321
0.4757
0.966927238
0.2
0.4827
0.308641976
0.2482854
0.777777778
0.828
0.75308641976
0.86
0.692731
0.801
0.8898529293
0.94
0.703703704
0.9259259261
0.1809
0.753086421
100
0.26196888168
0.656864
0.381039476
0.89715323497
0.76527462953
0.992863
0.29641338546
0.8337143729
0.91484870341
0.89300411523
0.96301376823
0.2318206064
0.053
0.33058603736
0.95181720805
0.98775600114
0.26426907558
0.00824188792
0.74454611023
0.22318208392
0.593419579
0.98807642825
0.22253207763
0.65872255164
0.25099073419
0.23323023838
0.0862238527
0.02838376553
0.32925200038
0.1541336491
0.224
0.73606937051
0.74900926581
0.9
0.08515129659
0.4146
0.67074799962
0.1891033
0.8356336828
0.12
0.925
0.67765698113
0.10192810686
0.51250625256
0.22501087386
0.66712391404
0.17
0.179216
0.24966975527
0.41646514062
0.66941396264
0.78583930054
0.8641975309
0.84552386623
0.87862
0.3
0.91485037851
0.53
0.30483173629
0.402864497
0.22358266654
0.92307690598
0.22119435826
0.76636166931
0.99175811208
0.98301414222
0.02100706242
0.79
0.75205358075
0.29908500793
0.90120069773
0.10530772
0.92592592593
0.76866115316
0.71
0.31590883854
0.53171491427
0.8
0.58
0.77401818829
0.76297128213
0.50025810092
0.77777777778
0.02592245969
0.2789208963
0.2
0.70358661454
0.951000212
0.22603261698
0.274536591
0.325
0.73343738238
0.7681793936
0.7
0.08365995925
0.34534280842
0.72410500295
0.567343669
0.20759546198
0.67490276438
25
0.99177
0.7448561
0.32407548534
0.744298
0.9712064481
0.48
0.89300412
0.72
0.742113
0.864198
0.8519876
0.3
0.77778
0.38
0.113
0.3448
0.197
0.9983235
0.37038
0.30759032727
0.77777777778
0.258039933
0.2564802323
0.753086421
0.1111111112
100
0.75033024473
0.97407754031
0.74383925775
0.225
0.98775600114
0.57561506315
0.7681793936
0.63816109325
0.97527433624
0.74119422218
0.60463458102
0.13110150501
0.69455331975
0.77347318274
0.16775106332
0.66941396264
0.975
0.23151777325
0.74900926581
0.23552465094
0.25616074225
0.69948302494
0.97413126981
0.80951061018
0.96326800342
0.025
0.29641338546
0.97435896866
0.03673199658
0.675
0.79086850801
0.41048576637
0.56536448109
0.70155345454
0.57002087887
0.15909560978
0.99175811208
0.30909271538
0.40698063329
0.08515129659
0.33058603736
0.70752493841
0.88924015638
0.11075984362
0.52542939525
0.7
0.11999877266
0.29908500793
0.23363833069
0.95972759683
0.67074799962
0.77641733346
0.25099073419
0.02472566376
0.02564103134
0.30849649725
0.775
0.67092482283
0.325
0.075
0.1
0.75205358075
0.02838376553
0.3
0.97161623447
0.48913644579
0.925
0.99711553631
0.91634004075
0.15128832006
0.35046441067
0.70358661454
0.25880577782
0.00824188792
0.25221074611
0.74454611023
0.58616416057
0.25
0.42182790196
0.24794641925
0.2318206064
0.02592245969
0.06462493508
0.02425018348
0.32594882219
0.70091499207
0.78814828948
0.08365995925
0.32925200038
0.07692309402
0.49916298948
0.00288446369
0.99163226207
0.47966649182
0.51451943115
0.9
0.76636166931
0.75
0.35470169584
0.94314374087
56
0.74119422218
0.77641733346
0.70091499207
0.99175811208
0.02838376553
0.03673199658
0.92307690598
0.00824188792
0.88924015638
0.29641338546
0.97527433624
0.07692309402
0.33058603736
0.66941396264
0.23151777325
0.01224399886
0.00288446369
0.97435896866
0.90119553818
0.24794641925
0.96326800342
0.25545388977
0.99711553631
0.70358661454
0.75205358075
0.25616074225
0.23363833069
0.24966975527
0.91484870341
0.76636166931
0.02592245969
0.74383925775
0.76848222675
0.97407754031
0.74900926581
0.09880446182
0.22358266654
0.2318206064
0.02564103134
0.32925200038
0.25880577782
0.7681793936
0.98775600114
0.69455331975
0.08515129659
0.08365995925
0.02472566376
0.74454611023
0.30544668025
0.11075984362
0.67074799962
0.91634004075
0.75033024473
0.97161623447
0.25099073419
0.29908500793
25
0.98775600114
0.25099073419
0.96326800342
0.925
0.325
0.00824188792
0.025
0.74900926581
0.07692309402
0.75033024473
0.1
0.75
0.02592245969
0.02472566376
0.225
0.76848222675
0.97435896866
0.9
0.075
0.92307690598
0.70091499207
0.08365995925
0.30544668025
0.99711553631
0.975
100
0.68
0.7347409095
0.7814372031
0.29908500793
0.04608
0.22358266654
0.184
0.962708531
0.45674005102
0.210787
0.23151777325
0.20204292246
0.07610277099
0.10013717422
0.3429355282
0.97161623447
0.90119553818
0.32232050846
0.50246671768
0.91769547326
0.30864197531
0.99874297279
0.9454641
0.075
0.2
0.25881504252
0.74119798812
0.2572
0.78966155116
0.91371591949
0.36279527325
0.25057588269
0.2758725804
0.92191278018
0.70085860896
0.29156752522
0.212
0.35457824
0.02838376553
0.92307690598
0.55209217485
0.66941396264
0.11
0.6691953695
0.49735000604
0.79986151
0.7236309415
0.02472566376
0.10805090126
0.58154811
0.75
0.24966975527
0.3703703704
0.05286
0.0737359833
0.97435896866
0.89757658894
0.56595843621
0.98775600114
0.07650828461
0.62651716624
0.76188413019
0.411522634
0.02564103134
0.325
0.25616074225
0.90258434029
0.2318206064
0.01390494845
0.779631
0.01224399886
0.75308641976
0.63080187612
0.08365995925
0.581481169
0.49840507548
0.1234567902
0.97407754031
0.5054194
0.69455331975
0.3
0.09880446182
0.69058
0.8244168092
0.69181527207
0.91484870341
0.07692309402
0.50861369265
0.7
0.92592592593
0.30956522468
0.975
0.76655734049
0.02592245969
0.1132413779
0.184953
0.32634057755
0.67074799962
0.25099073419
0.89177958507
25
0.24966975527
0.76636166931
0.70091499207
0.775
0.74454611023
0.00288446369
0.1
0.025
0.75033024473
0.23363833069
0.03673199658
0.74119422218
0.09880446182
0.00824188792
0.7
0.3
0.02592245969
0.08365995925
0.11075984362
0.08515129659
0.075
0.75
0.9
0.29641338546
0.975
25
0.70358661454
0.88924015638
0.97435896866
0.675
0.025
0.75033024473
0.25
0.29908500793
0.96326800342
0.75
0.775
0.9
0.3
0.325
0.2318206064
0.075
0.23363833069
0.75205358075
0.77641733346
0.7
0.67074799962
0.97407754031
0.97161623447
0.24794641925
0.97527433624
100
0.287013
0.334
0.056
0.743841
0.22618886582
0.6
0.69455453
0.990855053
0.300412
0.367
0.58
0.349
0.92592593
0.3703703704
0.99056
0.3086421
0.0585
0.76
0.878
0.2204
0.6707818931
0.7417625
0.7657539
0.1371743
0.9916554
0.91769547326
0.251486054
0.1028807
0.19
0.97498813751
0.751867094
0.3246909872
0.926301294
0.30467917
0.423
0.744711
0.7037038
0.97530864198
0.901235
0.91393588376
0.66
0.6862
0.37038
0.22238
0.7746166
0.750393741
0.299057
0.30864198
0.99971
0.1
0.901234568
0.77411981
0.48
0.8
0.991771
0.9877861
0.4116
0.74363665
0.914952
0.3
0.76681
0.2565158
0.09
0.794
0.32419
0.5
0.22351
0.493
0.29766804
0.11111112
0.208
0.70371
0.8642
0.97398771
0.634
0.88
0.8930041153
0.37037038
0.12346
0.22506857917
0.9990856
0.2510289
0.6786059036
0.7777778
0.749089741
0.88935
0.94
0.2
0.96338635
0.5772
0.727
0.004
0.32468515
0.766466
0.370371
0.9971045408
0.1111112
0.324799
0.231519586
0.2470548
25
0.5676
0.8693
0.5
0.8847
0.23183
0.751
0.441
0.7783
0.92460499
0.11111111112
0.960221
0.7037038
0.946
0.898491084
0.703703704
0.97501
0.1271
0.97530864198
0.22319
0.2510288066
0.8368
0.7788071
0.77458123027
0.6314
0.248
25
0.81304670168
0.61693764424
0.88166154279
0.43149876209
0.06550314338
0.89344774151
0.43032371373
0.33007419347
0.17847797354
0.47779407705
0.76976970817
0.11583105565
0.44232260955
0.49094071125
0.24681876102
0.90970112945
0.76648117259
0.46383703497
0.58085191046
0.38251967845
0.60052738957
0.32831978406
0.37860579404
0.68564562266
0.68372345707
25
0.5915
0.94828507387
0.9546998
0.381160595
0.2542
0.128
0.937864146
0.455338
0.507
0.9
0.6
0.276299
0.06653391
0.7425473459
0.682712
0.2396
0.04122631501
0.40789889
0.5
0.58596546
0.2381529841
0.372889
0.52116
0.13789169068
0.0229
70
0.01224399886
0.975
0.74383925775
0.30544668025
0.925
0.97161623447
0.7
0.97435896866
0.02564103134
0.7681793936
0.29641338546
0.23151777325
0.25
0.325
0.9
0.225
0.69455331975
0.25880577782
0.74119422218
0.75
0.70091499207
0.1
0.77641733346
0.00288446369
0.3
0.02592245969
0.24794641925
0.91634004075
0.11075984362
0.90119553818
0.675
0.92307690598
0.76636166931
0.33058603736
0.075
0.75205358075
0.25099073419
0.74900926581
0.22358266654
0.91484870341
0.09880446182
0.25616074225
0.97527433624
0.32925200038
0.98775600114
0.99175811208
0.70358661454
0.08365995925
0.00824188792
0.2318206064
0.07692309402
0.74454611023
0.29908500793
0.025
0.99711553631
0.03673199658
0.75033024473
0.67074799962
0.08515129659
0.97407754031
0.23363833069
0.66941396264
0.24966975527
0.88924015638
0.02472566376
0.25545388977
0.96326800342
0.775
0.76848222675
0.02838376553
25
0.06267985737
0.48688914166
0.13618045475
0.24552416269
0.56972853936
0.50811082687
0.67963158178
0.68064763579
0.21420723913
0.20405920378
0.99932618389
0.56125941102
0.70398711009
0.15171562651
0.84295743842
0.58136862008
0.99510859228
0.81495022744
0.36446651843
0.55910205381
0.40714237145
0.93260924298
0.11908377451
0.19198979035
0.64349808492
100
0.2596149
0.9543
0.77777777778
0.670437571
0.695474
0.669460895
0.1234567902
0.669867399
0.321941665
0.074
0.138
0.89194226957
0.856
0.226033
0.3004116
0.528
0.3327745
0.0028
0.77777778
0.23
0.9
0.2791
0.37038
0.8904
0.111111112
0.7009603
0.314
0.8
0.901235
0.6680384088
0.703261533
0.4216
0.332774476
0.0879
0.916324359
0.433
0.5696
0.74
0.76543273
0.4712
0.89
0.9887213
0.4116
0.66804
0.76971
0.67493288
0.41
0.8323053
0.678604651
0.23456791
0.988
0.7005073627
0.8877
0.77686328304
0.67
0.78
0.769551
0.22222647342
0.30489
0.234157278
0.34192
0.10831829
0.754459
0.74486
0.77778
0.10705
0.41153
0.10746
0.777778
0.866
0.15
0.1111112
0.7
0.69548
0.34
0.917582573
0.235
0.288065844
0.8687701
0.6
0.8641976
0.1192293
0.97489090981
0.669834
0.2345679013
0.1
0.2896
0.92581282146
0.9259259261
0.4
0.9246051
0.700643681
0.10821711
0.259613038
0.11111112
0.247065997
0.898071541
0.91741
0.30042
0.971210351
25
0.4669999291
0.97987
0.16
0.7913
0.15220679769
0.138896
0.33491
0.793947343
0.800488
0.0821
0.550967
0.931848
0.29085212
0.8251743988
0.31
0.63801298253
0.52
0.70013457
0.95
0.4172653631
0.596345
0.3058
0.67989128877
0.1223741
0.33505
100
0.29641338546
0.7681793936
0.97161623447
0.15938187587
0.82969550194
0.225
0.90119553818
0.74900926581
0.21953311024
0.02472566376
0.97407754031
0.7
0.88924015638
0.75033024473
0.025
0.23151777325
0.42414701305
0.74119422218
0.95181559123
0.93623812971
0.99175811208
0.67616095651
0.50609818892
0.26184775937
0.75
0.21877587768
0.91634004075
0.96326800342
0.97435896866
0.82258027704
0.3
0.25
0.92307690598
0.25099073419
0.25545388977
0.33058603736
0.2318206064
0.74383925775
0.12493003949
0.70358661454
0.02592245969
0.08515129659
0.675
0.54574784001
0.44419603907
0.14971340569
0.775
0.00824188792
0.69492570283
0.82695960505
0.76848222675
0.95088393691
0.1
0.075
0.11075984362
0.74454611023
0.97527433624
0.42245926436
0.67625405834
0.08365995925
0.24794641925
0.70091499207
0.325
0.93773305132
0.98775600114
0.65042433992
0.29900182042
0.29908500793
0.67074799962
0.75205358075
0.24966975527
0.66941396264
0.66496256012
0.85927402159
0.975
0.30544668025
0.9
0.23363833069
0.77641733346
0.02804253604
0.12345410437
0.02564103134
0.65318623187
0.77095328771
0.88913057225
0.92429035845
0.32356117386
0.51004971656
0.22358266654
0.28765452947
0.01421578725
0.925
0.88452919085
0.09880446182
0.01596589426
0.03673199658
0.91825161421
0.32925200038
0.84310017825
0.85838499129
25
0.74383925775
0.225
0.99695168421
0.91634004075
0.3303533852
0.08941007
0.97407754031
0.0141893453
0.75
0.73823709
0.92579044523
0.975
0.92496120153
0.20106176939
0.75308641976
0.75203498853
0.94047
0.7
0.325
0.30544668025
0.66941396264
0.512
0.99175811208
0.5
0.43187343004
100
0.25853332978
0.98568609631
0.58155602775
0.7
0.325
0.25880577782
0.657561256
0.97530864198
0.75152664839
0.00326966338
0.635
0.07239356751
0.23151777325
0.94040002038
0.02838376553
0.08365995925
0.91634004075
0.0857
0.7681793936
0.22358266654
0.77777777778
0.67777795046
0.00288446369
0.10191955801
0.167216
0.97842485
0.10274093429
0.7639925
0.75205358075
0.411
0.10288065844
0.24794641925
0.15835630566
0.91393086596
0.1979728
0.075
0.3448
0.8265584271
0.34204699272
0.92578856531
0.08515129659
0.78022248486
0.2866922285
0.53611294378
0.1413669
0.8506494607
0.2
0.74392630578
0.66951740645
0.67586241935
0.36070350089
0.31
0.3
0.25641416451
0.74119422218
0.9
0.03673199658
0.76208316
0.675
0.29908500793
0.29907801891
0.75033024473
0.50355997172
0.137
0.25616074225
0.91484991389
0.92307690598
0.97161623447
0.434526444
0.67074799962
0.32408663601
0.20677704386
0.05825
0.99175811208
0.23167620081
0.25545388977
0.07692309402
0.31057846204
0.96130748604
0.99600191799
0.649923
0.59557399109
0.81
0.99041474031
0.039
0.8356950115
0.02590124026
0.18699581692
0.25099073419
0.42747328
0.19831482176
0.99075156813
0.16414895
0.3387582065
0.44336554009
0.02564103134
0.74485596708
0.23363833069
0.92592592593
0.34213
57
0.45428356592
0.29915323931
0.91484870341
0.072291524
0.25545388977
0.6
0.97256515776
0.69136227067
0.0844009
0.1993557194
0.764
0.15054
0.89716619763
0.99175811208
0.775
0.75308641976
0.75205358075
0.66231554108
0.9
0.89921675006
0.49383574629
0.10288065844
0.62838044
0.02838376553
0.29641338546
0.20223122879
0.76588934614
0.02472566376
0.08365995925
0.71648307882
0.89024794195
0.02216537029
0.28445802694
0.075
0.67037545091
0.05912364816
0.38370007963
0.09049268154
0.92589205576
0.025
0.25616074225
0.03673199658
0.89387319913
0.24814923251
0.02592245969
0.21432
0.88924015638
0.7168524
0.25
0.67074799962
0.75259777
0.30369
0.76636352861
0.00288446369
0.515423751
0.77458263768
0.23361786372
25
0.741706041
0.83
0.69152
0.97499084774
0.251
0.77778
0.99879
0.37088
0.9172721142
0.97519198
0.386
0.4
0.2345681
0.4263
0.916780979
0.963308
0.89301
0.78191
0.29766803841
0.1816
0.765787736
0.1294
0.949643
0.09
0.7009603
51
0.03673199658
0.25616074225
0.222694752
0.32925200038
0.205
0.67074799962
0.24364346564
0.67586241935
0.2746928739
0.98902606311
0.824179694
0.96582499281
0.750170785
0.6137816261
0.985304
0.76848222675
0.11455273413
0.76636166931
0.924
0.25880577782
0.225
0.76588934614
0.025
0.59034637759
0.98775600114
0.2879097113
0.71732939
0.30544668025
0.325
0.08515129659
0.62312695308
0.50406211753
0.675
0.2203
0.25545388977
0.2574530591
0.0226862
0.436547453
0.545
0.10288065844
0.5
0.75
0.25914468608
0.13
0.98887548253
0.22598745675
0.66941396264
0.99878067368
0.57981137526
0.92298012919
0.59394402132
100
0.60506640983
0.30000380728
0.536
0.44873538096
0.25545388977
0.852966
0.77641733346
0.99132797888
0.75
0.23151958543
0.96173056
0.11
0.420906
0.09055527469
0.99878067368
0.77777777778
0.079
0.6
0.32387182867
0.09880446182
0.95987143459
0.18831843817
0.20510122394
0.32925200038
0.17901334628
0.67078003259
0.691293069
0.96326800342
0.96578
0.00288446369
0.76912959294
0.74383925775
0.25
0.00824188792
0.23456790124
0.9
0.075
0.69455331975
0.91393588376
0.29157846174
0.44494933174
0.5137
0.0250938
0.52105319748
0.11106091683
0.24828532236
0.2880658437
0.30818535517
0.9008
0.4256
0.4
0.67901234568
0.7046
0.03673199658
0.70091499207
0.7967
0.07692309402
0.22358266654
0.3
0.76798436
0.69535514681
0.97161623447
0.08365995925
0.83903397451
0.658
0.562
0.64298852069
0.68379816375
0.11106576504
0.925
0.22266817954
0.2845533811
0.3703703704
0.02592245969
0.24794641925
0.5
0.33244266
0.29828644
0.14752513871
0.76636166931
0.38195919264
0.99711553631
0.10694704471
0.97435896866
0.76821117819
0.872
0.32415444864
0.23365340651
0.99144908932
0.91634004075
0.62573699789
0.92307690598
0.91484870341
0.75205358075
0.10744184209
0.77089849491
0.92184645145
0.98775600114
0.76171219732
0.893
2
0.00000000009
0.00000000001
65
0.19383604323
0.62021764703
0.97407754031
0.99449048537
0.00288446369
0.75186542083
0.31302043839
0.18975212
0.08365995925
0.74359101528
0.44602
0.7503881655
0.69502164869
0.91484870341
0.56637663443
0.30370259185
0.0304
0.17
0.675
0.2367
0.25616074225
0.5515994
0.69442139649
0.97435896866
0.77471380285
0.30864197531
0.25640998301
0.30549200252
0.70370370371
0.92016408086
0.99908550526
0.255710051
0.77777777778
0.38772013735
0.7183171591
0.2514860541
0.62635975
0.99984932651
0.30544668025
0.75
0.2318206064
0.03673199658
0.79526734891
0.99175811208
0.29908500793
0.7681793936
0.22766789164
0.775
0.975
0.248
0.98775600114
0.446821368
0.23151777325
0.712687
0.14729376637
0.7542893531
0.98849934525
0.84122551
0.75205358075
0.01799377432
0.91495198903
0.075
0.66174864175
0.69455331975
0.0499
25
0.675
0.23151777325
0.36705080304
0.91454554692
0.32925200038
0.225
0.67
0.74454611023
0.00288446369
0.4306
0.23355031147
0.1491
0.956665202
0.776817358
0.98902606311
0.69455331975
0.3
0.23361953632
0.92307690598
0.9
0.834351072
0.6289965763
0.925
0.9349
0.89844466383
100
0.9253
0.1028806585
0.2
0.892091
0.9887212316
0.70371
0.8
0.7448561
0.75309
0.1
0.493
0.9323
0.9525
0.300372496
0.75308642
0.7716774199
0.16
0.94
0.82761775
0.06
0.703563004
0.7454
0.234568
0.2582381362
0.120055818
0.893005
0.8399
0.9908721
0.6927298
0.76834494
0.30453239401
0.1111111112
0.33297812239
0.7777777778
0.56
0.947
0.7740702558
0.917341719
0.51
0.9716507
0.24696438552
0.5
0.7976
0.82
0.8323
0.69503293875
0.9
0.23321309421
0.6
0.0575
0.925925926
0.36
0.90078297
0.233607689
0.93
0.234567902
0.102781
0.3
0.9913137635
0.1070467
0.7777778
0.813
0.30738859297
0.703703704
0.4
0.11112
0.1028807
0.30864198
0.23411129
0.77778
0.76954733
0.694442093
0.29767
0.699899
0.76859754494
0.98768965469
0.70370370371
0.3250539571
0.35818
0.62
0.3049685093
0.260631002
0.7517299402
0.913598
0.8355944261
0.04
0.19
0.32
0.69970285
0.82424
0.8893462
0.3141
0.9643347051
0.77743531267
0.25098307333
0.95858336
0.226337449
0.888890771
0.923182442
0.096
14
0.25
0.1
0.225
0.3
0.775
0.675
0.7
0.75
0.975
0.325
0.925
0.075
0.9
0.025
62
0.02304086903
0.6
0.29641338546
0.75205358075
0.74211248286
0.03673199658
0.65392826685
0.1018656651
0.975
0.03862013
0.70096021948
0.69207215321
0.74394098708
0.11075984362
0.77641733346
0.76678878747
0.1884
0.70358661454
0.44155714138
0.74383925775
0.64671004532
0.97161623447
0.66670097307
0.44563304513
0.13182021371
0.24284665796
0.9
0.92105957
0.3663059493
0.76638610872
0.97130673964
0.05846870623
0.038876
0.88924015638
0.90089066251
0.76919215539
0.32952354516
0.11111111112
0.96672819749
0.91634004075
0.45
0.70091499207
0.54778075558
0.70326292681
0.1485
0.04703675063
0.97407754031
0.32374633221
0.25616074225
0.770607
0.414
0.02112656138
0.925
0.3
0.7681793936
0.75
0.00288446369
0.264896532
0.80401504751
0.5374
0.7
0.66792132671
100
0.32209083351
0.975
0.69455331975
0.675
0.24794641925
0.76636166931
0.075
0.06727521717
0.96326800342
0.2318206064
0.32925200038
0.86838694647
0.82495525303
0.74454611023
0.74900926581
0.96670881943
0.83632425366
0.00713516541
0.36352432664
0.99711553631
0.39997954704
0.74383925775
0.7681793936
0.74119422218
0.02838376553
0.14406130165
0.29641338546
0.06706390456
0.86869520476
0.02592245969
0.19031616223
0.68907636128
0.97527433624
0.18012281037
0.25616074225
0.25
0.02503218198
0.97407754031
0.98775600114
0.75205358075
0.81146701079
0.70358661454
0.00346905212
0.11803951485
0.24875794073
0.91634004075
0.02564103134
0.33058603736
0.88924015638
0.97161623447
0.91484870341
0.75058123676
0.00177391737
0.46552573097
0.11075984362
0.99175811208
0.85314326889
0.25099073419
0.325
0.91827888096
0.67074799962
0.23363833069
0.77048775744
0.00824188792
0.17921400854
0.29908500793
0.76848222675
0.19957266821
0.52736882037
0.25880577782
0.93447200798
0.75
0.22358266654
0.66941396264
0.64862253579
0.78700125517
0.70091499207
0.96736373084
0.78911210299
0.225
0.02472566376
0.9
0.7
0.775
0.03673199658
0.08365995925
0.925
0.90119553818
0.025
0.37469941353
0.24966975527
0.23151777325
0.30544668025
0.01299964866
0.27672505197
0.1
0.98657324443
0.3
0.23675208926
0.44807211105
90
0.69
0.38
0.37
0.95
0.36
0.48
0.54
0.74
0.87
0.22
0.27
0.67
0.43
0.07
0.64
0.49
0.78
0.44
0.32
0.21
0.52
0.16
0.05
0.56
0.57
0.85
0.98
0.13
0.51
0.88
0.62
0.68
0.31
0.55
0.84
0.93
0.59
0.72
0.92
0.86
0.28
0.94
0.76
0.17
0.89
0.77
0.23
0.96
0.04
0.45
0.83
0.25
0.14
0.19
0.12
0.02
0.47
0.03
0.06
0.97
0.63
0.91
0.34
0.79
0.18
0.01
0.53
0.66
0.46
0.29
0.58
0.08
0.24
0.73
0.61
0.71
0.11
0.42
0.33
0.75
0.65
0.81
0.09
0.15
0.41
0.39
0.35
0.26
0.82
0.99
25
0.675
0.7818930042
0.42985101463
0.76863283037
0.97407754031
0.68746983616
0.01224399886
0.30860643254
0.40473772908
0.870286
0.177935
0.22358266654
0.7681793936
0.7
0.74197700216
0.22267946961
0.88924015638
0.1
0.125282
0.91759386273
0.75033024473
0.4209164351
0.925
0.4468
0.325
100
0.22530482722
0.325
0.6968316
0.24794641925
0.48244788197
0.225
0.25
0.16993922221
0.54293364
0.88924015638
0.70370370371
0.08515129659
0.90018291986
0.29908500793
0.70734815884
0.29615832061
0.38
0.546818
0.91484870341
0.97425866654
0.975
0.43949123911
0.02564103134
0.1
0.66952869651
0.8641975309
0.70091499207
0.22633744856
0.25912336041
0.4069456553
0.97407754031
0.42954424263
0.02472566376
0.40159479447
0.10164874115
0.48593714655
0.6
0.32112878006
0.8367626887
0.39
0.98
0.7818930042
0.15024681615
0.471288137
0.10367875225
0.98775600114
0.73508277294
0.708827
0.704919149
0.99711553631
0.03205079273
0.33196284762
0.76922993353
0.06706325
0.29722758592
0.07692309402
0.58464358346
0.00270954784
0.8538673597
0.88973076262
0.96612850283
0.2758725804
0.6502
0.67037363892
0.70358661454
0.8789516
0.25545388977
0.899302453
0.89327400868
0.24966975527
0.70116022326
0.66941396264
0.00824188792
0.23151777325
0.11228020843
0.89163786156
0.11397812756
0.3
0.01224399886
0.96676428561
0.02838376553
0.76636166931
0.11491202848
0.94138070465
0.90119553818
0.10805090126
0.30457755424
0.58414
0.11836141562
0.82338571964
0.70085860896
0.24977561009
0.96419880623
0.25616074225
0.14873
0.08365995925
0.91
0.808
0.99175811208
0.06459384
25
0.278921
0.67078191
0.917695474
0.677
0.025
0.87
0.78189301
0.1097852
0.324189
0.325
0.2510289
0.32110243659
0.749937
0.300106692
0.3
0.138
0.93
0.97530865
0.476
0.96433471
0.6917663485
0.22354378631
0.70096021948
0.23049914379
0.99629687
25
0.7727481
0.3
0.370371
0.2259937291
0.4
0.2231536521
0.1747
0.8154
0.9012345681
0.7490898
0.1111112
0.6790123457
0.417
0.69999666177
0.91493945
0.700046
0.7
0.99635
0.91464339411
0.785
0.77778
0.70371
0.44
0.916630398
0.90123457
25
0.00053004017
0.025
0.48631
0.9
0.17872252358
0.25
0.675
0.451841
0.73884437133
0.69454579363
0.10745313215
0.33211400702
0.08365995925
0.74941701135
0.58
0.02564103134
0.32967535437
0.70358661454
0.74119422218
0.74383925775
0.91634004075
0.775
0.8241930902
0.9375215
0.304
100
0.53
0.308641976
0.18
0.397
0.71
0.666718
0.3603
0.752747718
0.96612802
0.5
0.9241
0.996916561
0.10161094529
0.7358
0.38
0.305899
0.7727480567
0.31619
0.9311
0.25516076152
0.77767616726
0.750208
0.5302
0.691714
0.898379
0.68
0.081
0.9167811
0.3
0.494
0.24818313882
0.793
0.77777778
0.25
0.7037037038
0.22264559942
0.123456791
0.2655
0.376
0.7436367
0.2236
0.358
0.3003101
0.89838404
0.868770005
0.99998857056
0.83
0.16
0.3703703704
0.399
0.9231824418
0.134
0.056
0.703704
0.6557
0.37038
0.6698674
0.25926
0.275873
0.6
0.612
0.29911
0.67856701561
0.2
0.77687
0.48
0.30864197531
0.7777778
0.925915
0.87
0.101966164
0.77778
0.69
0.82762
0.753087
0.123457
0.22591541
0.33989
0.2975664279
0.1111112
0.277904791
0.1
0.6784
0.8062
0.4
0.1235
0.9742926
0.52
0.27
0.79
0.9228286866
0.99894452151
0.33026991594
0.99876437
0.98768839508
0.9
0.9759
0.75411947
0.226
0.821
25
0.54360960053
0.71655174599
0.68631944777
0.31611870788
0.35449887264
0.38758529009
0.65901734646
0.66438923396
0.31406685119
0.88445649209
0.72136519982
0.89952002075
0.98618555255
0.58592951432
0.65635741824
0.43365463435
0.96741375424
0.58779369205
0.75312579776
0.79266321947
0.91619849064
0.01283685251
0.74199849061
0.83583132398
0.73378186319
25
0.33847269481
0.24074829932
0.59611354306
0.10890185058
0.18786101546
0.92659345442
0.86782268882
0.24730256437
0.88979679991
0.35092781332
0.98416226275
0.29778628396
0.65101893417
0.18414540164
0.50204886995
0.95082419696
0.67670449455
0.78658806042
0.73258522131
0.48476782602
0.47568082944
0.73753340796
0.33154002249
0.57076158201
0.00887837868
100
0.75
0.25616074225
0.46971981458
0.97726111447
0.74119422218
0.70988745821
0.88924015638
0.25162674041
0.675
0.23363833069
0.32925200038
0.90119553818
0.10356708953
0.67273426154
0.90406656633
0.74454611023
0.92472608878
0.75033024473
0.71312814462
0.02838376553
0.24333382781
0.77641733346
0.76848222675
0.00288446369
0.61103460745
0.04495538179
0.225
0.94307899434
0.08515129659
0.2318206064
0.74383925775
0.25524780043
0.07692309402
0.87661119391
0.69468521677
0.74900926581
0.97407754031
0.325
0.91484870341
0.3
0.76636166931
0.23151777325
0.97527433624
0.98775600114
0.23560267989
0.02866832742
0.78704942545
0.83567730932
0.70448118566
0.02564103134
0.52255038077
0.25880577782
0.83898210395
0.075
0.33170226951
0.27039276576
0.66473942688
0.35942058048
0.97435896866
0.29908500793
0.01224399886
0.9
0.1
0.69455331975
0.925
0.99175811208
0.09880446182
0.08365995925
0.53871227231
0.24966975527
0.975
0.25
0.00824188792
0.13972690157
0.58915186073
0.19253856192
0.7681793936
0.69755098018
0.29641338546
0.84469109015
0.91634004075
0.83817837518
0.97161623447
0.88708169319
0.98409456802
0.025
0.25545388977
0.02472566376
0.75205358075
0.70358661454
0.04799057661
0.17284396449
0.20604508623
0.02592245969
0.30544668025
0.33058603736
0.22110843831
0.7
0.775
0.96326800342
25
0.3
0.3294508295
0.45
0.77
0.69455331975
0.7681793936
0.8272400121
0.98867230794
0.325
0.29908500793
0.77258087887
0.675
0.75263100161
0.925
0.775
0.99175811208
0.8509338029
0.01224399886
0.25
0.69178140189
0.23422859491
0.92841736
0.60504060761
0.63
0.09880446182
25
0.999661299
0.96672638353
0.8638588292
0.8917848
0.670781894
0.3295281655
0.90120069773
0.8337143729
0.9
0.3
0.2747394
0.7503431
0.751409847
0.89
0.67520328
0.30037341876
0.781894
0.9007943
0.4
0.25962
0.838287
0.91678098
0.891986338
0.77778
0.752979745
2
0.9
0.1
25
0.89026063101
0.9
0.3813665986
0.77733746551
0.97161623447
0.5802448155
0.68425400146
0.00824188792
0.70091499207
0.11015145614
0.00035761
0.55279777816
0.96326800342
0.590358
0.075
0.3
0.6687504098
0.74119754761
0.1537
0.32099910701
0.925
0.975
0.97530864198
0.66941396264
0.99711553631
25
0.1
0.75033024473
0.7681793936
0.025
0.74119422218
0.975
0.02592245969
0.9
0.75
0.00288446369
0.66941396264
0.775
0.7
0.925
0.92307690598
0.99711553631
0.33058603736
0.98775600114
0.97407754031
0.325
0.225
0.32925200038
0.03673199658
0.97161623447
0.96326800342
25
0.2441391
0.51527647
0.558834
0.363160551
0.35328038
0.81178
0.447
0.992671
0.140713
0.1827643826
0.6235285
0.65
0.80822647
0.42566729
0.221
0.6314025514
0.823935
0.88
0.512737
0.6248108
0.006912081
0.65367691
0.250028
0.89763
0.57
25
0.225
0.975
0.07692309402
0.99175811208
0.91484870341
0.97407754031
0.96326800342
0.7681793936
0.1
0.25880577782
0.02838376553
0.775
0.075
0.25
0.29908500793
0.25099073419
0.23363833069
0.025
0.9
0.7
0.91634004075
0.67074799962
0.33058603736
0.97435896866
0.74383925775
100
0.7632
0.2317229
0.32968
0.088
0.48
0.676263798
0.2226682
0.5336
0.9602195
0.98902559333
0.765584515
0.3057856
0.7410574839
0.2506749121
0.02
0.1028807
0.9911682551
0.2975539
0.7037038
0.30864198
0.052
0.3703704
0.8901087031
0.30581
0.385
0.75309
0.8
0.259261
0.584
0.91679
0.890114
0.916781
0.1529
0.23451773
0.230503481
0.558
0.376
0.502
0.369192
0.5
0.56
0.299193
0.196
0.439
0.900287
0.97531
0.97256516
0.967079
0.414
0.7
0.2994958
0.733
0.9
0.4438
0.12346
0.96581370275
0.288066
0.7444157
0.07
0.33036593
0.7694421
0.12345681
0.4131
0.99635
0.44
0.69441142284
0.98858575082
0.925587225
0.77778
0.110907635
0.76579
0.3
0.8527
0.77777778
0.6954264182
0.7408875589
0.25607546276
0.6
0.74531322
0.619
0.448
0.23170776
0.99086
0.58
0.1611
0.226198159
0.46
0.70341
0.3905
0.123456791
0.9960371895
0.7658728921
0.589
0.96
0.3591
0.2222389664
0.37087843
0.77777777778
0.25528391
0.59
100
0.38310294986
0.45246896197
0.32384968417
0.04922166677
0.89010883556
0.09500906098
0.90683661831
0.99175811208
0.67034116258
0.77492125129
0.08365995925
0.25
0.30041152264
0.93523655561
0.45265938877
0.813
0.76160197054
0.92307690598
0.90033803294
0.2498687
0.93142983
0.2677243362
0.53314
0.69455331975
0.69272976681
0.23140124889
0.02776088327
0.17
0.88924015638
0.55848647
0.97527433624
0.23151777325
0.30864197531
0.62828631451
0.88934613626
0.97435896866
0.33523
0.451689612
0.99711553631
0.975
0.7
0.07692309402
0.666
0.22633744856
0.404
0.82442920132
0.90001099125
0.66941396264
0.29908500793
0.89300411523
0.1143118428
0.50513241808
0.30544668025
0.10196616371
0.8550525835
0.09880446182
0.941
0.446
0.52
0.08515129659
0.99864352038
0.29641338546
0.96326800342
0.74900926581
0.13919626999
0.025
0.519
0.90109517758
0.38646584921
0.33206464979
0.12115516862
0.11005927149
0.25099073419
0.11111111112
0.762180115
0.5374579
0.59390579682
0.97530864198
0.24794641925
0.69497414085
0.76848222675
0.375494
0.58157397767
0.47538504742
0.75033024473
0.23363833069
0.9
0.102175031
0.25241949139
0.2318206064
0.71630155982
0.91480145492
0.797
0.88487122888
0.75205358075
0.45107
0.79650743
0.65385067829
0.477137
0.32495606115
100
0.9986788551
0.54
0.93
0.781893005
0.98
0.30743
0.92471
0.4699
0.79
0.258344765
0.7746
0.76588935
0.96708
0.85098817
0.9228324499
0.39
0.0727
0.77259753
0.676268862
0.69273
0.1111112
0.67
0.8553
0.1
0.144
0.96433470508
0.333452
0.7197
0.109
0.774996521
0.374
0.25926
0.41153
0.5271
0.0106
0.8529
0.1000228798
0.76955
0.99878068
0.7954
0.98780674
0.8
0.236
0.259261
0.7491237
0.2057
0.4
0.283
0.70370370371
0.75446
0.9
0.44
0.370370371
0.45725
0.102474217
0.69147657031
0.2895901
0.7448561
0.7695473252
0.108367627
0.66708483945
0.364
0.921
0.258955
0.307285311
0.3055885798
0.10802468168
0.77240518
0.7253
0.9998816171
0.1028806585
0.101966164
0.77778
0.222681
0.750021239
0.46
0.753082657
0.111112
0.25102332417
0.2850175279
0.66986739827
0.7777777778
0.7437941441
0.3663
0.23457
0.77777778
0.66710719
0.75279
0.8551
0.13
0.9905503
0.88
0.18
0.3250013
0.5
0.8891994
0.36733
0.8984911
0.8532
0.99722123622
25
0.775
0.25
0.32925200038
0.225
0.9
0.25880577782
0.25545388977
0.7
0.25099073419
0.75
0.675
0.1
0.74119422218
0.24966975527
0.74900926581
0.3
0.11075984362
0.76848222675
0.99175811208
0.975
0.325
0.925
0.33058603736
0.75033024473
0.67074799962
100
0.42396979762
0.32510288066
0.24797881818
0.91372093385
0.9
0.26421431359
0.45242724157
0.2774112131
0.96131866851
0.6
0.7681793936
0.29908500793
0.775
0.76636166931
0.70091499207
0.36929396947
0.117368
0.3703703704
0.74900926581
0.74454611023
0.49820621701
0.89757658894
0.86216819895
0.99054641113
0.02838376553
0.97407754031
0.7
0.30040769657
0.24814603185
0.76669846701
0.09880446182
0.90123456791
0.33058603736
0.70971670044
0.967755
0.69455331975
0.61930955377
0.93509658029
0.41961958577
0.71069788688
0.10804726181
0.3
0.91734027531
0.91484870341
0.21385282813
0.12436100792
0.6185759198
0.471
0.38322450062
0.25616564365
0.9000034
0.5315702
0.74383925775
0.92823766123
0.8
0.166861
0.96704055399
0.02472566376
0.70358661454
0.89384881455
0.56733075
0.97496617687
0.98775600114
0.28972741195
0.329299
0.67074799962
0.32925200038
0.25925925926
0.3601951711
0.87
0.8514
0.34
0.975
0.446837617
0.03963248726
0.70609685875
0.804843913
0.8098
0.70370370371
0.97527433624
0.92307690598
0.92306954112
0.9265
0.637114
0.69259428611
0.08365995925
0.61236961747
0.91460181137
0.90001188
0.99998685151
0.83571
0.11075984362
0.22358266654
0.10288065844
0.7439584075
0.90119553818
0.96326800342
0.37337559937
0.804
0.89593335
50
0.97407754031
0.60705040322
0.75033024473
0.119137
0.12691571179
0.53422
0.67901234568
0.92223407679
0.4232
0.88981864536
0.77767616726
0.43296974669
0.98775600114
0.19027428443
0.86864103157
0.325
0.63984848785
0.70370370371
0.99507229497
0.02838376553
0.30544668025
0.80799905166
0.61704
0.1234567902
0.97161623447
0.88902820092
0.7
0.29908500793
0.975
0.075
0.76954732511
0.84514652173
0.2805215657
0.798
0.775
0.97
0.69547325103
0.34309234
0.23363833069
0.74927733366
0.74383925775
0.5735
0.99458143
0.8665801
0.90122202341
0.29663682786
0.11075984362
0.66941396264
0.8
0.97527433624
100
0.92307690598
0.88425836838
0.67074799962
0.29908500793
0.025
0.76848222675
0.05537781469
0.35055891644
0.50483230543
0.07692309402
0.03181239191
0.02564103134
0.17000923963
0.12969634581
0.91634004075
0.25616074225
0.25
0.24966975527
0.34954940066
0.69455331975
0.68946804569
0.77566790528
0.77641733346
0.99711553631
0.29847406115
0.02838376553
0.33015084622
0.96303832788
0.775
0.13217285269
0.75033024473
0.1
0.98089990363
0.08515129659
0.99175811208
0.96544420798
0.37751033373
0.30544668025
0.36546475085
0.9
0.91484870341
0.54773948686
0.33058603736
0.225
0.98791244596
0.88924015638
0.59627944428
0.25099073419
0.98775600114
0.00288446369
0.97065846175
0.23363833069
0.15675081768
0.70358661454
0.23971179722
0.62477127507
0.60349469118
0.7
0.70091499207
0.97161623447
0.925
0.58627393522
0.46144293681
0.97407754031
0.74383925775
0.675
0.20312168346
0.22358266654
0.76636166931
0.24794641925
0.40417758321
0.52228925175
0.08214793914
0.61445898263
0.3
0.75205358075
0.00824188792
0.29641338546
0.74900926581
0.42550834967
0.66941396264
0.23151777325
0.02592245969
0.075
0.09771229718
0.11075984362
0.32925200038
0.90119553818
0.325
0.09880446182
0.81968936398
0.48630938843
0.25880928123
0.975
0.75
0.03673199658
0.25545388977
0.36728963121
0.65506219547
0.2318206064
25
0.7788446884
0.025
0.1368448
0.2880658437
0.64640298737
0.74900926581
0.00824188792
0.123438748
0.3
0.244848
0.92470151469
0.25
0.99957830315
0.43296963
0.33058603736
0.14769
0.7568817
0.885487078
0.25616074225
0.20362936108
0.7
0.76848181016
0.075
0.92307690598
0.25545388977
25
0.1
0.64710838658
0.6698348855
0.11709976404
0.02356924382
0.51883609357
0.83364
0.3246860712
0.856793
0.402306575
0.3898
0.0171
0.228
0.031263
0.31
0.695
0.8
0.823059
0.883087
0.112
0.2
0.681211205
0.7392752535
0.6
0.4059927186
25
0.60098540876
0.43128083686
0.46214927055
0.67476212225
0.00277838848
0.82985557685
0.88696988302
0.91042857624
0.25676740365
0.71169493427
0.31590346989
0.93820104706
0.35227808897
0.26692019647
0.80787151657
0.65793295034
0.37038564065
0.48212549158
0.44724107078
0.98893211136
0.23886795818
0.84810555232
0.15889277097
0.17804297551
0.19875655034
25
0.91484870341
0.24966975527
0.325
0.24794641925
0.7
0.02592245969
0.97435896866
0.92307690598
0.70091499207
0.01224399886
0.75205358075
0.74119422218
0.25616074225
0.08365995925
0.75
0.2318206064
0.975
0.02472566376
0.99175811208
0.225
0.97527433624
0.1
0.3
0.675
0.30544668025
2
0.5
0.12
64
0.96707818931
0.25099073419
0.91484870341
0.244458104
0.39173189
0.66792174485
0.32925200038
0.30544668025
0.9917375589
0.56052604568
0.23363833069
0.67078189301
0.86827517119
0.29641338546
0.25880577782
0.74119422218
0.48
0.84334
0.11075984362
0.02472566376
0.90119553818
0.25545388977
0.50609243705
0.4
0.90621452745
0.66941396264
0.50953312279
0.66709395921
0.3415807211
0.74897621821
0.19265
0.32467971254
0.4515534672
0.75
0.08305393346
0.22153117742
0.196834
0.99908550526
0.61509
0.69258911343
0.98775600114
0.3
0.76954732511
0.6077189151
0.98902606311
0.0448973
0.25
0.33554582938
0.42383221089
0.75308600161
0.74383925775
0.44257
0.59224214752
0.57964567
0.76558451456
0.025
0.74440436474
0.286356
0.25253782982
0.10744142394
0.3968038
0.96326800342
0.834899829
0.7
25
0.25099073419
0.925
0.02592245969
0.01224399886
0.97527433624
0.76636166931
0.325
0.25
0.1
0.74454611023
0.25616074225
0.96326800342
0.9
0.75033024473
0.88924015638
0.91634004075
0.69455331975
0.74119422218
0.775
0.99175811208
0.29641338546
0.3
0.075
0.675
0.7
62
0.74206293731
0.25616074225
0.15230409608
0.52218550645
0.3930815
0.82212937
0.32134329117
0.97161623447
0.7681793936
0.10273012433
0.22358266654
0.58467341694
0.02472566376
0.04879414417
0.02564103134
0.15927091534
0.39484524023
0.52716916854
0.23324696439
0.22893279974
0.8610349207
0.975
0.67501148346
0.67626886146
0.8
0.29641338546
0.1056061585
0.3
0.075
0.54686128794
0.32506761493
0.33058603736
0.25
0.9
0.74454611023
0.152
0.56507427302
0.92307690598
0.6322452
0.4034347
0.30762587005
0.92592592593
0.7805366484
0.88
0.24966975527
0.037
0.67078189301
0.00824188792
0.06206398301
0.74390341818
0.08365995925
0.1011190984
0.7778285831
0.31022
0.39995754276
0.7
0.91769547326
0.08633338251
0.7818930042
0.33740317014
0.02838376553
0.90119553818
100
0.91484870341
0.14673450317
0.43367319831
0.97161623447
0.08515129659
0.66941396264
0.88246143738
0.03673199658
0.88835464777
0.975
0.75033024473
0.99711553631
0.23363833069
0.72196302453
0.65463723656
0.7
0.23151777325
0.25
0.23256771991
0.69455331975
0.37462884482
0.2318206064
0.39514452568
0.75205358075
0.98775600114
0.02838376553
0.97435896866
0.27190790141
0.1
0.91634004075
0.92307690598
0.7681793936
0.81780290496
0.55612245479
0.51280723289
0.25616074225
0.36371529451
0.325
0.43226761669
0.65241351582
0.19154725425
0.025
0.67329421121
0.74119422218
0.76848222675
0.24966975527
0.90119553818
0.91163984425
0.25880577782
0.76636166931
0.68163064722
0.74900926581
0.64901632635
0.62070908513
0.29908500793
0.3
0.02564103134
0.16547617526
0.225
0.97407754031
0.00824188792
0.9
0.77957066604
0.24794641925
0.84649778338
0.75
0.27889552746
0.70358661454
0.50187653445
0.74383925775
0.02472566376
0.37856110278
0.08365995925
0.67074799962
0.74454611023
0.72317825098
0.77641733346
0.61533797193
0.30544668025
0.89667036712
0.40080912407
0.97527433624
0.06211269414
0.91353234317
0.00288446369
0.775
0.36011906852
0.075
0.22358266654
0.99175811208
0.675
0.18353540086
0.60450082829
0.96326800342
0.86697447877
0.11385702049
0.97530479059
0.925
0.25099073419
0.32925200038
25
0.0954
0.219905
0.51354158916
0.4
0.2
0.0921625763
0.56928009
0.46507448311
0.9
0.99954752716
0.82
0.4333
0.8
0.3394
0.6046319
0.2381
0.16479
0.3708102
0.05013219
0.814
0.7798
0.726
0.627891
0.1728725
0.9857
25
0.6671239141
0.771731952
0.01
0.9
0.8917504371
0.89016
0.1997
0.5919
0.24705470598
0.9695
0.108063
0.3046749678
0.2
0.4
0.97135
0.10014
0.75445817
0.8747
0.97531
0.676167251
0.322
0.25819234934
0.7407577
0.483
0.12346
25
0.4
0.749925204
0.259261
0.43
0.964334706
0.8
0.76868364
0.9753087
0.6
0.752057771
0.3
0.2724
0.3529
0.04
0.9982670471
0.269
0.12041
0.7
0.781893005
0.2
0.750018
0.1111112
0.1
0.2249
0.10796118478
9
0.7
0.1
0.3
0.8
0.5
0.2
0.9
0.6
0.4
