100
5
0.095
0.02
0.79
0.93464
0.043
55
0.61119
0.4
0.33171
0.02592
0.27803
0.09841
0.97435
0.92307
0.69455
0.53
0.75309
0.97
0.22696
0.77778
0.31
0.9
0.91
0.975
0.76576
0.087
0.03673
0.56192
0.22358
0.07692
0.67902
0.44
0.25652
0.11112
0.25099
0.7697
0.03953
0.89748
0.94568
0.01876
0.92502
0.77748
0.70393
0.77641
0.30001
0.89271
0.02472
0.69
0.99175
0.00288
0.34
0.925
0.2
0.25896
0.25
0.24738
0.719
0.75205
0.92593
0.1
0.6
5
0.876
0.208
0.2
0.3
0.25103
5
0.91484
0.7
0.925
0.75
0.325
5
0.075
0.03673
0.07692
0.74454
0.3
66
0.73
0.8642
0.35582
0.3683
0.36608
0.325
0.74476
0.1
0.622
0.10289
0.36
0.25926
0.01224
0.97435
0.61
0.22361
0.76636
0.66794
0.99175
0.32925
0.88924
0.99545
0.01328
0.94
0.141
0.23457
0.56102
0.412
0.9
0.97161
0.76848
0.77778
0.23151
0.1429
0.25
0.59831
0.74927
0.749
0.70091
0.675
0.67617
0.2505
0.869
0.21032
0.2607
0.33734
0.783
0.02564
0.55311
0.89
0.67079
0.23182
0.23363
0.08365
0.30544
0.68679
0.18
0.75035
0.66707
0.88411
0.91771
0.75
0.33049
0.47
0.48262
0.17656
59
0.30865
0.62634
0.2588
0.7
0.97161
0.79805
0.86946
0.325
0.25616
0.5
0.075
0.6038
0.10014
0.30824
0.29908
0.97531
0.33976
0.08428
0.156
0.02592
0.4677
0.69233
0.24829
0.49751
0.24
0.775
0.66941
0.11611
0.25794
0.02472
0.91634
0.74476
0.77778
0.89819
0.065
0.98775
0.99177
0.76817
0.10289
0.47694
0.412
0.01488
0.225
0.11112
0.796
0.4917
0.00824
0.76955
0.9
0.47065
0.202
0.90119
0.85375
0.925
0.33542
0.29641
0.7135
0.41471
0.69455
100
0.61636
0.23151
0.45533
0.66941
0.89544
0.97407
0.08365
0.0988
0.97435
0.51483
0.325
0.77641
0.90119
0.925
0.59057
0.20428
0.69455
0.96326
0.91634
0.91484
0.29908
0.35281
0.75205
0.58171
0.00869
0.30544
0.70091
0.03673
0.13652
0.00824
0.76636
0.75
0.02592
0.36776
0.25
0.11075
0.94303
0.1
0.01224
0.21128
0.23182
0.33836
0.75033
0.66321
0.02564
0.749
0.74454
0.25545
0.98775
0.19056
0.79785
0.07692
0.775
0.025
0.225
0.80151
0.55976
0.32925
0.70358
0.70895
0.89619
0.9
0.31078
0.86383
0.23363
0.675
0.00288
0.28636
0.2588
0.18343
0.97527
0.24794
0.94773
0.45134
0.76817
0.82867
0.24966
0.99814
0.64367
0.22358
0.92307
0.26733
0.7
0.075
0.975
0.19791
0.99711
0.28506
0.39538
0.3
0.32781
0.78327
0.10381
0.17756
0.33365
0.97161
0.08515
0.25616
0.02838
0.07862
9
0.4
0.7
0.8
0.1
0.2
0.5
0.9
0.3
0.6
5
0.1
0.7874
0.711
0.2634
0.9347
100
0.594
0.67505
0.6943
0.99086
0.072
0.1156
0.247
0.92593
0.98
0.977
0.9097
0.6155
0.32419
0.37
0.175
0.852
0.7941
0.771
0.979
0.5
0.10289
0.192
0.151
0.77
0.303
0.013
0.8455
0.7048
0.3704
0.25896
0.4137
0.9769
0.412
0.6442
0.89169
0.8406
0.7004
0.2594
0.0817
0.4563
0.95
0.8605
0.3178
0.85
0.909
0.66804
0.3235
0.1841
0.66
0.032
0.096
0.3882
0.863
0.26
0.1013
0.4
0.359
0.832
0.193
0.8723
0.79
0.3234
0.618
0.31
0.32115
0.6
0.066
0.314
0.96434
0.6617
0.3
0.686
0.83
0.3837
0.419
0.91404
0.534
0.25926
0.84
0.547
0.0178
0.1
0.338
0.2865
0.98903
0.1694
0.138
0.196
0.3677
0.8338
0.9
0.2
0.8874
0.671
0.9464
0.8
0.11112
0.6612
0.91679
0.9404
100
0.01224
0.325
0.29908
0.77641
0.30544
0.43145
0.02993
0.74454
0.81882
0.73889
0.25099
0.76848
0.11572
0.36253
0.02472
0.075
0.95016
0.34571
0.25357
0.92777
0.70091
0.75033
0.99175
0.70358
0.23182
0.07692
0.80056
0.65982
0.14504
0.52197
0.87202
0.73347
0.97161
0.975
0.11741
0.25
0.22358
0.9
0.63373
0.75356
0.96326
0.3
0.45336
0.69059
0.89599
0.74383
0.00824
0.91567
0.97435
0.775
0.11075
0.30951
0.10876
0.675
0.15224
0.79564
0.25545
0.67074
0.2588
0.66941
0.79899
0.225
0.95135
0.08515
0.025
0.69455
0.02564
0.03673
0.24491
0.92307
0.91484
0.25616
0.75205
0.71872
0.925
0.76817
0.33058
0.65382
0.99711
0.1
0.39025
0.0988
0.75
0.02838
0.29641
0.08365
0.65518
0.97527
0.749
0.97407
0.38031
0.14982
0.31782
0.00288
0.90119
0.7
0.98775
0.17212
0.58477
0.96805
100
0.67627
0.22358
0.32938
0.76636
0.32968
0.2
0.9
0.23151
0.96326
0.75033
0.91484
0.9495
0.33
0.76817
0.24829
0.23457
0.7
0.74212
0.59232
0.92593
0.10289
0.58
0.74454
0.29645
0.97407
0.67597
0.67913
0.11112
0.76955
0.9612
0.32925
0.67505
0.00026
0.67947
0.28523
0.24
0.99177
0.70371
0.2643
0.57
0.8
0.91599
0.96708
0.58624
0.238
0.51647
0.08938
0.191
0.00288
0.77778
0.33059
0.43763
0.90093
0.70358
0.97821
0.68237
0.23182
0.58255
0.11075
0.39
0.87582
0.04204
0.975
0.74804
0.66941
0.9923
0.25926
0.43151
0.22327
0.02592
0.29641
0.15
0.25103
0.25099
0.993
0.82395
0.36005
0.01668
0.97435
0.3
0.1
0.81101
0.25561
0.888
0.97527
0.925
0.5
0.55
0.25
0.25545
0.75309
0.60897
0.805
0.835
0.749
0.24966
0.0988
0.2881
0.90124
0.67074
5
0.025
0.75
0.3
0.325
0.225
100
0.57356
0.92491
0.05505
0.92593
0.2
0.6469
0.76651
0.76636
0.91634
0.11112
0.62121
0.02847
0.22573
0.22533
0.29908
0.775
0.30544
0.75726
0.9923
0.341
0.584
0.70005
0.07255
0.72441
0.66126
0.33058
0.92197
0.0988
0.5043
0.28693
0.99711
0.822
0.11075
0.9
0.94534
0.70187
0.3704
0.22351
0.75033
0.30743
0.085
0.92217
0.32455
0.63131
0.97407
0.00824
0.2518
0.5
0.25099
0.77402
0.29118
0.78382
0.23366
0.91741
0.32925
0.3122
0.96622
0.76817
0.2607
0.749
0.29641
0.64083
0.54327
0.3
0.4
0.25545
0.1144
0.61658
0.325
0.2218
0.61217
0.8612
0.5883
0.86
0.2881
0.03673
0.69455
0.25926
0.97161
0.675
0.76955
0.22488
0.91364
0.70091
0.1
0.2588
0.88924
0.134
0.77641
0.66774
0.59042
0.0747
0.77778
0.17165
0.075
0.0801
0.56
0.412
0.36477
0.98775
5
0.994
0.22634
0.314
0.0461
0.7
5
0.6
0.1534
0.3166
0.4865
0.1979
2
0.1
0.9
5
0.3
0.775
0.075
0.225
0.75
54
0.9
0.23061
0.76817
0.88924
0.7454
0.25
0.961
0.11537
0.88935
0.23151
0.25835
0.89027
0.99177
0.7
0.40286
0.675
0.6527
0.24794
0.321
0.89301
0.4
0.76681
0.22386
0.5
0.99711
0.25099
0.23651
0.668
0.74383
0.7597
0.91634
0.75309
0.6
0.208
0.225
0.67344
0.66908
0.44973
0.2791
0.629
0.00212
0.77778
0.775
0.38787
0.9386
0.97527
0.1235
0.11075
0.30865
0.75033
0.79511
0.83212
0.96326
0.97161
5
0.348
0.9463
0.81961
0.5
0.578
63
0.60007
0.20826
0.30313
0.2781
0.70091
0.92593
0.98775
0.52236
0.918
0.25545
0.30544
0.07692
0.32204
0.67627
0.10014
0.95
0.2423
0.77778
0.93629
0.90116
0.05926
0.2367
0.25
0.6119
0.675
0.1
0.11112
0.30011
0.8
0.518
0.24971
0.74119
0.43001
0.6351
0.821
0.73891
0.23427
0.2588
0.75033
0.40516
0.1165
0.8597
0.76817
0.9
0.11075
0.70358
0.11108
0.76955
0.32925
0.97407
0.4
0.03673
0.25103
0.74903
0.7819
0.70371
0.66804
0.69273
0.025
0.23182
0.13324
0.8612
0.75319
55
0.9162
0.6851
0.8642
0.30544
0.61318
0.975
0.92593
0.11075
0.96858
0.77
0.12369
0.03963
0.24966
0.7789
0.67892
0.157
0.30865
0.69975
0.12125
0.89422
0.16819
0.62
0.075
0.22358
0.74212
0.1
0.524
0.2588
0.70005
0.30955
0.7
0.24873
0.99711
0.25616
0.92227
0.67074
0.70358
0.61747
0.86
0.77778
0.84
0.0988
0.75
0.57061
0.11112
0.91484
0.10289
0.3
0.83
0.75863
0.73
0.76636
0.67902
0.76848
0.32511
100
0.6
0.91
0.8642
0.393
0.0696
0.91679
0.023
0.34
0.8839
0.2819
0.7
0.017
0.30042
0.4127
0.74212
0.89
0.619
0.66682
0.9
0.208
0.6542
0.4
0.79
0.64
0.77687
0.1416
0.07
0.25103
0.98
0.52
0.201
0.994
0.95
0.2
0.8
0.0177
0.89301
0.453
0.829
0.94
0.207
0.25622
0.6179
0.528
0.25926
0.46
0.9446
0.9502
0.13
0.54
0.0204
0.15
0.98903
0.23142
0.97257
0.8682
0.59
0.597
0.43
0.224
0.30458
0.4543
0.5244
0.785
0.8754
0.19
0.7819
0.25
0.3
0.44
0.8283
0.74
0.808
0.745
0.12
0.99686
0.839
0.057
0.9587
0.652
0.68
0.61
0.02
0.8435
0.537
0.32
0.841
0.11112
0.5
0.1
0.412
0.792
0.62
0.531
0.2216
0.1263
0.87
0.51
0.8876
0.24829
5
0.3431
0.4
0.18
0.67
0.52
5
0.75
0.3
0.25
0.325
0.025
5
0.92
0.5464
0.35
0.9508
0.256
100
0.1375
0.067
0.24
0.9727
0.252
0.4556
0.31
0.15
0.8329
0.14
0.74476
0.354
0.294
0.2601
0.1281
0.25926
0.2
0.4897
0.787
0.25103
0.9
0.121
0.74
0.3
0.08
0.645
0.77778
0.557
0.231
0.591
0.1495
0.8938
0.17
0.601
0.4
0.0203
0.92593
0.179
0.85
0.8582
0.0728
0.06
0.3704
0.67811
0.187
0.418
0.79
0.315
0.0075
0.442
0.2759
0.5145
0.27
0.0355
0.7
0.8179
0.4006
0.5543
0.125
0.712
0.89
0.0721
0.382
0.644
0.4777
0.76
0.7793
0.83
0.43
0.23
0.8
0.7973
0.7217
0.3891
0.351
0.54
0.25642
0.867
0.9333
0.82
0.97
0.1264
0.9549
0.6
0.3194
0.3923
0.04
0.553
0.96
0.241
0.225
0.745
0.37
0.734
0.542
0.45
0.99177
0.34
0.5
0.1
5
0.222
0.2
0.46
0.189
0.52
5
0.3
0.01224
0.23182
0.25099
0.08515
100
0.66947
0.96576
0.32389
0.6761
0.09
0.65
0.9
0.77778
0.517
0.88
0.1602
0.84
0.386
0.76681
0.92
0.516
0.052
0.2699
0.25926
0.048
0.009
0.798
0.477
0.1656
0.36
0.582
0.70066
0.5
0.0309
0.6249
0.75
0.3
0.6486
0.23091
0.145
0.025
0.11
0.30743
0.8836
0.2434
0.1
0.29676
0.22533
0.99177
0.97431
0.923
0.63
0.2828
0.3564
0.11112
0.70097
0.084
0.8292
0.93
0.875
0.34
0.32511
0.02
0.9823
0.67
0.657
0.7677
0.7622
0.25
0.1252
0.1113
0.242
0.3146
0.3582
0.41
0.5472
0.107
0.76955
0.429
0.99056
0.8
0.599
0.9298
0.08
0.7
0.33
0.229
0.32968
0.2
0.739
0.97
0.6
0.15
0.32
0.91394
0.607
0.46
0.9435
0.83
0.94
0.74364
0.01
0.23457
0.3993
0.141
100
0.802
0.321
0.764
0.74486
0.2957
0.708
0.03
0.10014
0.22238
0.46
0.004
0.048
0.1
0.632
0.7533
0.3704
0.037
0.21
0.9
0.4419
0.30865
0.8444
0.36
0.23
0.3
0.6
0.08
0.5806
0.421
0.502
0.96
0.6871
0.4
0.71
0.97166
0.4694
0.89027
0.0223
0.82
0.3308
0.578
0.8
0.92593
0.8036
0.1235
0.0999
0.2113
0.37
0.25
0.07
0.228
0.9525
0.35
0.30591
0.4347
0.704
0.8095
0.296
0.2
0.8824
0.5002
0.469
0.99
0.26
0.61
0.75309
0.6698
0.92288
0.9903
0.2163
0.354
0.7819
0.9565
0.7866
0.5183
0.8987
0.7
0.285
0.6415
0.74943
0.5014
0.91771
0.1113
0.9575
0.024
0.8556
0.66774
0.0346
0.6036
0.825
0.602
0.4626
0.84
0.637
0.22634
0.5737
0.5836
0.12
0.6671
0.973
100
0.32968
0.67597
0.08365
0.23182
0.23457
0.49065
0.377
0.22358
0.66764
0.31619
0.86
0.67074
0.30468
0.75309
0.70905
0.70091
0.88905
0.48697
0.2607
0.26298
0.7
0.26894
0.20172
0.14602
0.5213
0.2584
0.21
0.3015
0.1
0.80438
0.76044
0.96326
0.23363
0.4
0.97166
0.091
0.92
0.8368
0.76257
0.33058
0.372
0.25926
0.38422
0.67902
0.32389
0.02838
0.44518
0.76955
0.77394
0.427
0.235
0.60714
0.3
0.74383
0.8723
0.3885
0.06029
0.66977
0.77641
0.30865
0.02564
0.97435
0.225
0.59376
0.11112
0.07692
0.2588
0.75187
0.99
0.76817
0.77472
0.301
0.00824
0.124
0.29641
0.71
0.89301
0.31
0.1235
0.75205
0.75033
0.925
0.92593
0.06663
0.23448
0.45038
0.69548
0.66941
0.02467
0.89839
0.98775
0.675
0.15
0.348
0.67536
0.08515
0.7545
0.00288
0.79788
0.02472
5
0.6006
0.0481
0.087
0.71
0.86727
5
0.11289
0.64
0.4
0.3
0.1
5
0.16959
0.58474
0.00832
0.55687
0.97925
100
0.30544
0.89659
0.76093
0.07852
0.68192
0.66941
0.76848
0.05189
0.08515
0.76636
0.00824
0.96378
0.34601
0.96326
0.97527
0.75205
0.97697
0.22358
0.02987
0.76817
0.91484
0.02472
0.81127
0.90119
0.2588
0.41476
0.75
0.75033
0.43297
0.41471
0.225
0.62936
0.36261
0.85757
0.29908
0.02564
0.44573
0.7
0.25
0.16336
0.70358
0.74392
0.45936
0.52918
0.69455
0.74454
0.24794
0.16465
0.9
0.325
0.08365
0.10851
0.775
0.14377
0.60001
0.25545
0.29641
0.18286
0.97161
0.36845
0.00288
0.07692
0.025
0.23363
0.675
0.44848
0.58993
0.23151
0.99175
0.98775
0.29016
0.99711
0.3
0.25099
0.02592
0.85487
0.74383
0.85222
0.77641
0.24966
0.07776
0.975
0.39408
0.80332
0.32925
0.25616
0.03673
0.46046
0.33058
0.01516
0.88177
0.67074
0.37204
0.85096
0.075
0.925
0.02838
0.92307
0.1
0.70091
100
0.59049
0.40268
0.06983
0.075
0.225
0.08912
0.29908
0.325
0.9
0.25
0.70027
0.75
0.17276
0.675
0.75033
0.99175
0.775
0.01224
0.73196
0.74454
0.32925
0.57671
0.925
0.60795
0.76419
0.23182
0.97435
0.29641
0.90119
0.0988
0.88924
0.29853
0.11665
0.03345
0.99711
0.83804
0.77641
0.83434
0.02128
0.43996
0.025
0.03673
0.08113
0.84345
0.02592
0.07692
0.25545
0.76872
0.92307
0.11075
0.02472
0.96326
0.73151
0.81255
0.33058
0.24061
0.00288
0.2588
0.59891
0.05357
0.53292
0.56567
0.69455
0.975
0.75205
0.85913
0.98775
0.76848
0.66941
0.76817
0.71139
0.91484
0.48991
0.89364
0.85975
0.02564
0.78747
0.29639
0.34443
0.88192
0.80695
0.32345
0.70358
0.749
0.23363
0.1
0.70091
0.00824
0.97527
0.22358
0.74119
0.97161
0.3
0.74383
0.55001
0.24966
0.30544
0.08515
0.93809
0.7
5
0.91831
0.24782
0.56383
0.01683
0.27085
5
0.50777
0.4
0.18
0.25626
0.351
100
0.69548
0.0458
0.22
0.418
0.48
0.0657
0.97
0.8
0.979
0.74903
0.36
0.5841
0.468
0.53
0.242
0.054
0.16
0.188
0.96708
0.3572
0.99177
0.99137
0.996
0.2
0.982
0.1096
0.7454
0.58
0.134
0.119
0.816
0.10289
0.823
0.1388
0.9973
0.5
0.33303
0.642
0.05
0.67902
0.3801
0.6
0.399
0.91679
0.769
0.25
0.22228
0.7552
0.861
0.30489
0.4
0.0383
0.95
0.464
0.62
0.8261
0.008
0.70371
0.28
0.9445
0.1
0.6723
0.08
0.0484
0.6371
0.51
0.3704
0.10837
0.11112
0.2032
0.4163
0.056
0.6543
0.627
0.75218
0.9
0.19
0.91648
0.869
0.592
0.2975
0.3
0.67801
0.77778
0.07
0.4244
0.7
0.584
0.2869
0.9539
0.244
0.7081
0.65
0.2299
0.66987
0.7819
0.63
0.3431
0.7872
0.91496
5
0.3
0.975
0.925
0.75
0.325
5
0.41469
0.38153
0.50738
0.94828
0.60483
100
0.136
0.29951
0.211
0.2
0.30042
0.339
0.75309
0.32
0.063
0.11112
0.91679
0.265
0.32511
0.76955
0.8642
0.333
0.307
0.32226
0.3901
0.779
0.8285
0.0142
0.15
0.70249
0.709
0.3198
0.3644
0.876
0.8076
0.27
0.23457
0.358
0.7921
0.96708
0.377
0.77
0.519
0.4
0.89
0.1907
0.11011
0.99
0.754
0.92
0.99868
0.3
0.45
0.2328
0.69263
0.97531
0.4319
0.17
0.1
0.0532
0.67079
0.7789
0.7819
0.16
0.545
0.402
0.9535
0.861
0.7
0.77412
0.77778
0.6619
0.914
0.36
0.5476
0.41
0.25063
0.073
0.397
0.81
0.69
0.03
0.9
0.11021
0.98
0.2515
0.52
0.43
0.8
0.878
0.592
0.24799
0.33303
0.8334
0.961
0.966
0.88
0.37
0.6
0.5
0.70371
0.54
0.91
0.2023
0.65
0.866
5
0.1
0.3
0.7
0.325
0.025
100
0.75309
0.66941
0.92029
0.99711
0.925
0.04
0.1235
0.76636
0.77778
0.74454
0.74486
0.62483
0.2607
0.70091
0.007
0.9
0.89612
0.12428
0.4
0.8642
0.69455
0.97204
0.70358
0.3338
0.775
0.01
0.23427
0.94367
0.225
0.53
0.52862
0.99175
0.22634
0.92307
0.69001
0.99177
0.09797
0.33058
0.67
0.08365
0.75279
0.5058
0.99
0.1
0.1144
0.25926
0.03673
0.025
0.21775
0.51204
0.48818
0.31209
0.0988
0.699
0.065
0.18437
0.25545
0.79547
0.1113
0.29641
0.71209
0.97125
0.07692
0.90002
0.136
0.70371
0.60064
0.6
0.76848
0.892
0.7819
0.77641
0.14596
0.29313
0.76817
0.87952
0.99335
0.90289
0.94671
0.64866
0.97531
0.70279
0.11075
0.30042
0.97399
0.92593
0.83627
0.749
0.5555
0.2273
0.00288
0.11112
0.25
0.18699
0.23182
0.10746
0.5
0.67074
0.74119
0.3
5
0.56278
0.18535
0.02665
0.73569
0.94383
5
0.325
0.675
0.975
0.25
0.3
56
0.33058
0.25616
0.11112
0.869
0.675
0.25
0.33063
0.90001
0.835
0.08515
0.91986
0.96326
0.18576
0.75205
0.46838
0.82471
0.92659
0.23182
0.91634
0.627
0.68
0.025
0.29908
0.69455
0.61786
0.77738
0.33351
0.98775
0.70371
0.69548
0.62171
0.77778
0.32968
0.24799
0.1
0.8511
0.4
0.5117
0.3
0.30591
0.96403
0.0691
0.97527
0.49821
0.97895
0.8632
0.2588
0.775
0.2
0.66941
0.51444
0.67074
0.25926
0.75004
0.23583
0.93
57
0.66941
0.91634
0.075
0.8
0.10289
0.29908
0.71339
0.394
0.90124
0.76848
0.76681
0.47569
0.33058
0.1
0.737
0.76
0.7
0.03673
0.83675
0.90119
0.70693
0.51593
0.92319
0.9
0.91771
0.02564
0.29676
0.63
0.96708
0.74456
0.35334
0.70014
0.22634
0.42944
0.325
0.25
0.45109
0.02838
0.10278
0.25545
0.10807
0.2881
0.92593
0.33028
0.82071
0.11075
0.67902
0.08365
0.01224
0.29641
0.4407
0.5326
0.01937
0.68
0.6306
0.4557
0.32397
100
0.24966
0.92593
0.01621
0.44644
0.99861
0.97166
0.00824
0.23151
0.24794
0.91484
0.76064
0.3532
0.7644
0.90124
0.66941
0.8534
0.15734
0.44631
0.74454
0.25545
0.97161
0.8368
0.78714
0.83098
0.99045
0.76817
0.85
0.01224
0.77289
0.08515
0.55
0.72113
0.50753
0.5048
0.69273
0.67587
0.88303
0.656
0.00288
0.88179
0.98812
0.8612
0.321
0.2841
0.97531
0.69548
0.02592
0.46868
0.23183
0.25926
0.50444
0.70358
0.76636
0.54999
0.30591
0.70874
0.7
0.749
0.5284
0.95571
0.025
0.74933
0.3
0.137
0.77412
0.92227
0.75
0.26
0.151
0.46732
0.70708
0.605
0.97435
0.075
0.03
0.92307
0.29859
0.3704
0.143
0.23363
0.1497
0.922
0.21713
0.22634
0.02838
0.10014
0.0829
0.8642
0.40024
0.11075
0.02806
0.22358
0.84599
0.6
0.74119
0.30521
0.76955
0.836
0.03673
0.75309
100
0.2
0.97435
0.75
0.075
0.44189
0.22238
0.3179
0.24538
0.99909
0.60483
0.7
0.5713
0.98775
0.25012
0.15728
0.56576
0.97531
0.975
0.74119
0.25099
0.2636
0.10289
0.74934
0.21238
0.66941
0.62852
0.16624
0.24966
0.53483
0.25896
0.29908
0.03673
0.22227
0.01224
0.24794
0.961
0.194
0.96586
0.11112
0.17012
0.26558
0.232
0.92593
0.39183
0.69455
0.3704
0.76817
0.3431
0.25926
0.23363
0.98903
0.70358
0.92307
0.16
0.588
0.02592
0.3
0.34804
0.71778
0.671
0.23151
0.8642
0.96617
0.906
0.25103
0.67074
0.6
0.81999
0.231
0.2883
0.14107
0.07
0.11274
0.8
0.2286
0.5
0.33058
0.31
0.23183
0.9685
0.30865
0.0111
0.97407
0.749
0.325
0.88924
0.99177
0.03441
0.23182
0.75309
0.02564
0.84619
0.66804
0.72
0.92402
0.24494
0.2588
0.8246
0.89179
0.92
5
0.225
0.1
0.9
0.98775
0.75
100
0.6627
0.6
0.805
0.64
0.925
0.24738
0.697
0.5027
0.9564
0.665
0.92593
0.86
0.78
0.8621
0.6817
0.942
0.69182
0.364
0.22361
0.97531
0.553
0.613
0.5681
0.39
0.66957
0.89
0.3864
0.348
0.5
0.96434
0.1
0.61
0.38
0.22634
0.68
0.70371
0.79
0.528
0.97166
0.936
0.07
0.28
0.305
0.9204
0.70097
0.8064
0.2
0.62
0.7344
0.667
0.503
0.6941
0.77778
0.8642
0.1101
0.23081
0.677
0.94
0.9103
0.91496
0.4
0.1804
0.96312
0.976
0.66682
0.69975
0.7963
0.413
0.3691
0.02
0.977
0.868
0.91
0.6819
0.8891
0.2778
0.2203
0.0508
0.163
0.601
0.6357
0.2392
0.58
0.475
0.4618
0.8
0.705
0.27
0.72
0.25103
0.33
0.89209
0.999
0.166
0.71
0.577
0.11112
0.4677
0.43
0.3
100
0.8277
0.8912
0.63
0.5
0.458
0.8
0.4264
0.5129
0.8334
0.33242
0.7454
0.10289
0.23
0.5139
0.9199
0.70371
0.85
0.069
0.75
0.61
0.895
0.195
0.96708
0.443
0.7011
0.076
0.199
0.5564
0.3
0.99726
0.287
0.8208
0.9596
0.9507
0.3704
0.07
0.92288
0.08
0.2813
0.28
0.2
0.14
0.92
0.87
0.089
0.7965
0.99
0.23457
0.334
0.7545
0.53
0.9226
0.02
0.1887
0.67
0.369
0.5137
0.1778
0.8612
0.78
0.1
0.014
0.6789
0.5744
0.06
0.931
0.11
0.64
0.321
0.33059
0.5733
0.0487
0.97247
0.211
0.11112
0.726
0.2674
0.047
0.6
0.89271
0.36
0.10248
0.433
0.244
0.293
0.9
0.65
0.54
0.7
0.46
0.712
0.1133
0.9819
0.9291
0.1787
0.093
0.0906
0.09
0.4711
0.39
5
0.01224
0.3
0.225
0.97435
0.1
61
0.74111
0.101
0.37
0.32545
0.92593
0.33232
0.0988
0.07692
0.131
0.08365
0.25531
0.325
0.83975
0.138
0.02838
0.72923
0.09265
0.69455
0.29908
0.25926
0.11075
0.90124
0.11112
0.22358
0.24
0.16863
0.08515
0.30865
0.24966
0.35363
0.9923
0.8
0.25616
0.64603
0.25
0.75033
0.9691
0.74119
0.3
0.675
0.77
0.76559
0.59163
0.23457
0.97531
0.76402
0.90119
0.894
0.89179
0.74454
0.8541
0.9
0.83613
0.79706
0.88426
0.50529
0.75
0.48446
0.291
0.70828
0.7147
100
0.44814
0.859
0.76
0.24841
0.838
0.90033
0.49923
0.25073
0.77778
0.70097
0.24167
0.2451
0.60602
0.76636
0.70358
0.6
0.32925
0.32885
0.2588
0.552
0.43058
0.11112
0.6262
0.76651
0.33059
0.30042
0.40003
0.02838
0.138
0.7819
0.00824
0.1
0.11075
0.02592
0.30544
0.8
0.6058
0.92319
0.15639
0.77504
0.76823
0.67617
0.041
0.7
0.7374
0.63
0.97407
0.97435
0.47762
0.90256
0.421
0.25099
0.24794
0.8551
0.46
0.32511
0.775
0.289
0.16
0.67074
0.66703
0.23457
0.63993
0.03891
0.22268
0.13669
0.99711
0.675
0.25
0.09941
0.69785
0.70371
0.97521
0.97527
0.96
0.21524
0.56751
0.96326
0.70091
0.72394
0.074
0.74454
0.08515
0.92
0.28053
0.148
0.89301
0.02564
0.7545
0.33422
0.66941
0.25545
0.26357
0.25614
0.42747
0.92307
0.2216
0.3704
0.24966
0.64
5
0.25
0.975
0.9
0.225
0.925
5
0.1
0.52
0.5999
0.7
0.6796
52
0.25545
0.775
0.2411
0.70371
0.42808
0.71283
0.91427
0.325
0.54165
0.7
0.7545
0.16873
0.2588
0.42
0.23363
0.23457
0.98775
0.7789
0.11112
0.02472
0.25103
0.0988
0.003
0.0501
0.74383
0.96424
0.1763
0.1
0.675
0.78584
0.92593
0.76955
0.70358
0.32925
0.11
0.93006
0.22
0.3
0.33058
0.5141
0.32511
0.91771
0.6
0.96888
0.41262
0.33454
0.03673
0.00288
0.0694
0.69172
0.3704
0.22358
5
0.95033
0.48447
0.51948
0.38322
0.21432
5
0.67074
0.25
0.00288
0.7
0.1
5
0.325
0.25
0.1
0.225
0.3
100
0.90119
0.33402
0.39803
0.01224
0.98589
0.44656
0.06225
0.675
0.61002
0.05564
0.56277
0.66941
0.78353
0.69455
0.75
0.33058
0.325
0.2588
0.27322
0.99673
0.02472
0.92307
0.925
0.23182
0.70091
0.775
0.17613
0.75205
0.03673
0.23151
0.13229
0.19313
0.61505
0.34201
0.82525
0.41155
0.00957
0.3
0.15603
0.00079
0.225
0.975
0.88924
0.08515
0.02564
0.23363
0.7
0.99175
0.00288
0.1
0.00824
0.20528
0.25099
0.62794
0.55648
0.32987
0.76667
0.07692
0.11075
0.075
0.41052
0.28216
0.76636
0.24794
0.70358
0.27145
0.97161
0.97407
0.38973
0.16869
0.97435
0.80606
0.99711
0.74119
0.96326
0.49101
0.08365
0.025
0.02592
0.21671
0.30544
0.91484
0.25
0.29641
0.97527
0.29908
0.98283
0.74454
0.76817
0.24966
0.36121
0.77641
0.749
0.26839
0.92141
0.97751
0.25616
0.58081
0.02838
0.9
5
0.92502
0.0646
0.67902
0.4078
0.25926
5
0.08877
0.17475
0.99652
0.86858
0.70095
5
0.3
0.8
0.78
0.2
0.781
100
0.939
0.521
0.7423
0.5201
0.637
0.17
0.5249
0.29
0.7937
0.01
0.562
0.29767
0.63
0.509
0.021
0.931
0.9
0.48
0.82
0.3
0.5094
0.395
0.9636
0.92593
0.97531
0.8
0.32236
0.852
0.69548
0.58
0.306
0.346
0.56
0.75299
0.5432
0.4
0.983
0.23183
0.64
0.3956
0.25103
0.02
0.457
0.9466
0.24981
0.12
0.22
0.4611
0.90124
0.19
0.5
0.9198
0.8055
0.4398
0.264
0.7
0.2
0.76681
0.514
0.5582
0.255
0.67902
0.1357
0.4096
0.32419
0.89301
0.7063
0.86
0.74943
0.94
0.23
0.07
0.0371
0.87
0.97
0.77778
0.3856
0.88905
0.1182
0.503
0.23457
0.3973
0.99
0.76955
0.709
0.547
0.1
0.1235
0.934
0.054
0.635
0.6
0.364
0.018
0.11112
0.7992
0.04
0.321
0.96708
0.421
5
0.975
0.925
0.02472
0.225
0.03673
100
0.74119
0.7367
0.43916
0.72447
0.97527
0.925
0.4
0.25
0.75208
0.44553
0.78369
0.9824
0.10289
0.88924
0.70371
0.02838
0.77289
0.45281
0.25616
0.75205
0.56893
0.89197
0.59974
0.30865
0.89027
0.3704
0.8642
0.075
0.64643
0.11075
0.46328
0.25926
0.33059
0.08365
0.39102
0.76636
0.23363
0.92288
0.2198
0.08039
0.97161
0.6
0.5856
0.23091
0.25545
0.041
0.75309
0.23325
0.55621
0.23151
0.23457
0.67074
0.1
0.63897
0.567
0.97435
0.97407
0.3
0.80877
0.32379
0.67038
0.23182
0.43979
0.10396
0.95731
0.92491
0.72
0.07692
0.92307
0.64052
0.775
0.22358
0.8
0.264
0.75033
0.7
0.29641
0.91771
0.25098
0.728
0.23366
0.11112
0.643
0.22634
0.90124
0.228
0.17
0.32925
0.9
0.40783
0.60753
0.1235
0.1555
0.33242
0.0501
0.30544
0.97531
0.70091
0.30459
0.07424
57
0.975
0.49992
0.229
0.77738
0.02838
0.76817
0.70371
0.10099
0.74
0.7547
0.77641
0.08
0.49697
0.33059
0.67074
0.76636
0.96326
0.9
0.33272
0.66506
0.3
0.97527
0.3653
0.7
0.50237
0.30865
0.08365
0.2
0.74202
0.9568
0.68838
0.40071
0.97407
0.90124
0.10837
0.25926
0.24794
0.11112
0.33058
0.1
0.0957
0.9882
0.2997
0.852
0.88924
0.62151
0.22358
0.23091
0.6298
0.32925
0.58795
0.92319
0.68355
0.10746
0.39528
0.377
0.91679
5
0.199
0.4
0.1235
0.9462
0.21
100
0.45111
0.91484
0.97527
0.76817
0.30544
0.84278
0.975
0.93546
0.60238
0.38405
0.67074
0.925
0.02592
0.775
0.00824
0.66941
0.94762
0.91634
0.29641
0.92307
0.25545
0.16037
0.26769
0.29908
0.749
0.075
0.70091
0.76848
0.60023
0.325
0.225
0.55245
0.63714
0.025
0.15901
0.63521
0.54545
0.1
0.08515
0.97435
0.97407
0.2588
0.69455
0.76636
0.14759
0.40674
0.02564
0.25616
0.11075
0.51531
0.01113
0.22358
0.59264
0.95335
0.95454
0.35556
0.02472
0.08365
0.29997
0.75033
0.38094
0.33058
0.675
0.23151
0.9
0.98259
0.44867
0.70358
0.85327
0.25
0.02838
0.75205
0.83421
0.67793
0.07437
0.3
0.23363
0.11274
0.23182
0.88924
0.99968
0.24966
0.50566
0.7
0.03673
0.02317
0.96326
0.84452
0.70217
0.75
0.07692
0.95739
0.97161
0.03508
0.75595
0.93892
0.24794
0.01224
0.74383
0.98775
53
0.09
0.55277
0.35
0.67079
0.23363
0.3
0.47801
0.35194
0.25926
0.67074
0.23457
0.74454
0.975
0.775
0.40333
0.75218
0.58497
0.4124
0.76636
0.03673
0.73228
0.3664
0.618
0.70091
0.32929
0.30865
0.071
0.25103
0.2
0.77778
0.00431
0.91634
0.14796
0.76651
0.98775
0.75035
0.0988
0.23142
0.67827
0.00824
0.08515
0.346
0.675
0.7
0.99175
0.562
0.58536
0.92471
0.8807
0.25545
0.75
0.33814
0.7819
5
0.49
0.4207
0.72568
0.5
0.374
5
0.09047
0.38237
0.40478
0.00749
0.08942
100
0.775
0.21257
0.325
0.67756
0.70878
0.27445
0.76817
0.92307
0.54887
0.03673
0.25099
0.22715
0.225
0.76848
0.75205
0.55339
0.075
0.78057
0.76636
0.98775
0.99711
0.67074
0.66611
0.45499
0.23151
0.675
0.02838
0.74454
0.02355
0.0988
0.2588
0.34051
0.97527
0.97407
0.25355
0.69455
0.61536
0.925
0.25545
0.96326
0.26569
0.66101
0.77641
0.025
0.56655
0.91484
0.74383
0.749
0.00824
0.16701
0.14877
0.65401
0.23182
0.22358
0.32925
0.33058
0.08365
0.25616
0.83356
0.91634
0.05702
0.97628
0.9
0.39603
0.24794
0.72258
0.40543
0.74119
0.88924
0.01224
0.33258
0.29173
0.70358
0.98233
0.75
0.52292
0.04307
0.73358
0.29908
0.00288
0.55707
0.40845
0.87778
0.90119
0.03571
0.3
0.53011
0.44549
0.07692
0.08515
0.38967
0.7
0.29641
0.66941
0.88706
0.975
0.02564
0.25
0.1
0.02472
54
0.51
0.97161
0.30743
0.74454
0.23091
0.89851
0.977
0.32925
0.19
0.25099
0.67116
0.76651
0.3399
0.91484
0.22358
0.23363
0.10813
0.24249
0.3306
0.025
0.97326
0.66941
0.87
0.25561
0.0988
0.29908
0.57718
0.67421
0.1
0.89956
0.89301
0.58743
0.412
0.91579
0.89012
0.11112
0.91771
0.758
0.4
0.7
0.85769
0.70371
0.53263
0.699
0.92471
0.2588
0.78704
0.77778
0.75
0.975
0.98775
0.70358
0.1144
0.88414
5
0.74454
0.77641
0.88924
0.775
0.08365
5
0.72729
0.60276
0.53123
0.51747
0.18025
66
0.94592
0.02838
0.028
0.23151
0.8
0.95452
0.69995
0.31156
0.7
0.76817
0.71194
0.6
0.225
0.89027
0.77778
0.4123
0.59706
0.3704
0.81871
0.24966
0.2
0.78629
0.29242
0.4
0.97527
0.88924
0.1313
0.67811
0.90093
0.025
0.99147
0.97166
0.14462
0.69455
0.99434
0.98775
0.9
0.25
0.84217
0.3564
0.67048
0.97407
0.20762
0.76636
0.6832
0.257
0.18
0.11112
0.76986
0.00288
0.74913
0.76955
0.384
0.67074
0.22634
0.08365
0.29297
0.97216
0.92278
0.308
0.75035
0.675
0.07692
0.96586
0.74383
0.30544
5
0.3023
0.10289
0.38
0.7346
0.51
5
0.83254
0.13789
0.15019
0.16907
0.14455
50
0.2
0.77778
0.90119
0.675
0.68199
0.25
0.51466
0.67902
0.24794
0.11112
0.76703
0.32925
0.03673
0.6
0.76636
0.91404
0.22634
0.58
0.75033
0.2588
0.27288
0.886
0.10014
0.50568
0.1
0.55189
0.70371
0.1719
0.749
0.30001
0.775
0.8
0.96708
0.96434
0.76015
0.75309
0.76817
0.433
0.77473
0.03808
0.75205
0.52828
0.075
0.5399
0.1696
0.29908
0.69455
0.75511
0.76955
0.5
5
0.25
0.325
0.3
0.1
0.775
5
0.3459
0.93787
0.99
0.276
0.74254
5
0.08365
0.75033
0.97527
0.7
0.75
100
0.95865
0.92307
0.23457
0.97527
0.70341
0.87702
0.6
0.25652
0.38109
0.96434
0.04235
0.24794
0.97407
0.46667
0.0988
0.3
0.03913
0.0986
0.08365
0.1505
0.75004
0.99582
0.55719
0.89179
0.46552
0.55367
0.87107
0.30544
0.418
0.025
0.66941
0.23151
0.10167
0.8642
0.70532
0.88935
0.4369
0.26762
0.66957
0.84979
0.13
0.3704
0.66987
0.74445
0.76
0.00288
0.37039
0.9
0.373
0.75
0.11075
0.5
0.6539
0.59133
0.30042
0.23182
0.99909
0.70358
0.9181
0.36317
0.75309
0.23363
0.01224
0.33324
0.77641
0.77778
0.32145
0.96
0.11112
0.69455
0.90119
0.33229
0.87
0.89016
0.69517
0.42679
0.02472
0.1
0.66804
0.88924
0.49906
0.59146
0.92593
0.58893
0.34709
0.8
0.26787
0.97435
0.48795
0.91634
0.08795
0.74119
0.29908
0.51
0.89851
0.25039
0.25099
0.25
0.675
0.35201
2
0.12
0.5
5
0.975
0.025
0.3
0.75
0.7
5
0.03673
0.32925
0.975
0.925
0.3
55
0.67079
0.25652
0.25099
0.91634
0.75035
0.66804
0.10014
0.96326
0.35964
0.8368
0.00824
0.11536
0.21
0.96708
0.82743
0.76817
0.69456
0.975
0.77778
0.1
0.225
0.11112
0.3704
0.7545
0.71617
0.5576
0.98781
0.824
0.19017
0.463
0.97441
0.7033
0.62
0.97527
0.76636
0.58
0.96658
0.9
0.69455
0.626
0.16537
0.61859
0.74454
0.777
0.49984
0.865
0.23182
0.7
0.29908
0.075
0.99293
0.43505
0.74383
0.75033
0.06825
5
0.7528
0.6
0.46
0.999
0.2
100
0.01224
0.775
0.44062
0.02592
0.22358
0.539
0.04632
0.8205
0.16
0.23363
0.90819
0.43775
0.78893
0.25652
0.7819
0.10014
0.65657
0.97495
0.91634
0.7
0.11075
0.65
0.6088
0.5
0.2945
0.70371
0.37082
0.3
0.80123
0.76366
0.79344
0.81823
0.99726
0.88924
0.97527
0.11112
0.99177
0.30544
0.416
0.10557
0.90768
0.2
0.7522
0.03673
0.10289
0.925
0.30865
0.6722
0.97161
0.32334
0.21626
0.76636
0.77372
0.3338
0.92307
0.8642
0.6231
0.32925
0.08515
0.30613
0.28
0.25531
0.4
0.25
0.88
0.24
0.225
0.1144
0.138
0.7545
0.08365
0.749
0.93096
0.0988
0.78599
0.376
0.84164
0.91771
0.97531
0.23182
0.29641
0.25099
0.64406
0.90124
0.77778
0.96326
0.25545
0.69507
0.3431
0.66972
0.67
0.67074
0.29908
0.285
0.03459
0.45926
0.24727
0.557
0.01809
0.33232
5
0.35446
0.96396
0.00701
0.74308
0.64393
2
0.00009
0.00001
100
0.67074
0.02592
0.69455
0.325
0.75
0.72429
0.13542
0.2588
0.975
0.749
0.32381
0.55601
0.77641
0.925
0.025
0.00288
0.9
0.22358
0.76848
0.74483
0.775
0.25616
0.78917
0.99711
0.74454
0.08365
0.99175
0.16658
0.65233
0.90119
0.75205
0.30954
0.25099
0.24794
0.75111
0.63133
0.97435
0.07692
0.68142
0.81353
0.31541
0.92307
0.0988
0.675
0.52731
0.62329
0.7
0.10606
0.98775
0.11075
0.25545
0.54753
0.18382
0.04182
0.225
0.71695
0.23182
0.74119
0.51728
0.00824
0.85645
0.075
0.25
0.01563
0.91634
0.91484
0.10173
0.23151
0.94651
0.77516
0.70091
0.1
0.99999
0.54689
0.01321
0.03576
0.30544
0.29908
0.76817
0.85608
0.36659
0.02838
0.01224
0.00927
0.97527
0.23363
0.24678
0.97407
0.56928
0.24966
0.38798
0.08515
0.74383
0.19905
0.02472
0.3
0.75033
0.47744
0.03673
0.58916
100
0.23182
0.95034
0.25
0.00288
0.75205
0.83884
0.96326
0.67074
0.84922
0.97407
0.97527
0.21254
0.91583
0.34234
0.01224
0.83523
0.96198
0.73543
0.02838
0.7
0.23363
0.00277
0.08515
0.74383
0.76636
0.38867
0.27509
0.42793
0.90119
0.95818
0.24829
0.47053
0.92771
0.925
0.25545
0.91484
0.44729
0.24794
0.90382
0.70358
0.02592
0.66941
0.75655
0.1
0.46215
0.92307
0.02472
0.75
0.2588
0.00824
0.23706
0.88474
0.88924
0.69455
0.775
0.85557
0.69494
0.3
0.76817
0.08365
0.97062
0.51588
0.325
0.29641
0.25616
0.025
0.78088
0.74119
0.03673
0.99711
0.675
0.03348
0.97161
0.78715
0.46786
0.68581
0.075
0.225
0.77386
0.24966
0.57933
0.92705
0.76848
0.44282
0.07692
0.11075
0.30544
0.0988
0.22358
0.82011
0.02564
0.975
0.98775
0.16576
0.17308
0.97435
0.97712
0.33058
0.9
0.23151
100
0.975
0.99175
0.65757
0.11075
0.00288
0.48218
0.77641
0.33803
0.97161
0.23363
0.2588
0.10921
0.225
0.56027
0.75033
0.99711
0.29641
0.85702
0.9
0.32925
0.88924
0.7
0.33058
0.1
0.81692
0.43365
0.36113
0.74454
0.92307
0.0988
0.775
0.28213
0.24116
0.40255
0.97407
0.07035
0.25099
0.67439
0.78023
0.749
0.00892
0.02838
0.75
0.925
0.67771
0.03673
0.78463
0.02592
0.55997
0.76817
0.23151
0.70358
0.29908
0.94378
0.53105
0.24966
0.91484
0.08515
0.71807
0.675
0.68609
0.26966
0.75004
0.00824
0.25616
0.075
0.59013
0.24794
0.63037
0.325
0.02564
0.96131
0.3
0.70091
0.97435
0.54009
0.25
0.98775
0.30544
0.74119
0.19832
0.66941
0.43865
0.90119
0.74861
0.22358
0.24848
0.19797
0.78503
0.91634
0.03986
0.67074
0.02472
0.17131
0.86995
0.76848
0.26305
0.35815
0.025
0.97527
